 v-sweep         v(Y)            v(S)            v(A)            v(B)           
 0.00000000e+00  3.38351093e-09  0.00000000e+00  0.00000000e+00  0.00000000e+00 
 1.00000000e-02  3.38887886e-09  0.00000000e+00  1.00000000e-02  0.00000000e+00 
 2.00000000e-02  3.39193048e-09  0.00000000e+00  2.00000000e-02  0.00000000e+00 
 3.00000000e-02  3.39461916e-09  0.00000000e+00  3.00000000e-02  0.00000000e+00 
 4.00000000e-02  3.39655916e-09  0.00000000e+00  4.00000000e-02  0.00000000e+00 
 5.00000000e-02  3.39797995e-09  0.00000000e+00  5.00000000e-02  0.00000000e+00 
 6.00000000e-02  3.39907510e-09  0.00000000e+00  6.00000000e-02  0.00000000e+00 
 7.00000000e-02  3.39997776e-09  0.00000000e+00  7.00000000e-02  0.00000000e+00 
 8.00000000e-02  3.40076840e-09  0.00000000e+00  8.00000000e-02  0.00000000e+00 
 9.00000000e-02  3.40149297e-09  0.00000000e+00  9.00000000e-02  0.00000000e+00 
 1.00000000e-01  3.40217752e-09  0.00000000e+00  1.00000000e-01  0.00000000e+00 
 1.10000000e-01  3.40283747e-09  0.00000000e+00  1.10000000e-01  0.00000000e+00 
 1.20000000e-01  3.40348197e-09  0.00000000e+00  1.20000000e-01  0.00000000e+00 
 1.30000000e-01  3.40411683e-09  0.00000000e+00  1.30000000e-01  0.00000000e+00 
 1.40000000e-01  3.40474594e-09  0.00000000e+00  1.40000000e-01  0.00000000e+00 
 1.50000000e-01  3.40537191e-09  0.00000000e+00  1.50000000e-01  0.00000000e+00 
 1.60000000e-01  3.40599641e-09  0.00000000e+00  1.60000000e-01  0.00000000e+00 
 1.70000000e-01  3.40662076e-09  0.00000000e+00  1.70000000e-01  0.00000000e+00 
 1.80000000e-01  3.40724609e-09  0.00000000e+00  1.80000000e-01  0.00000000e+00 
 1.90000000e-01  3.40787290e-09  0.00000000e+00  1.90000000e-01  0.00000000e+00 
 2.00000000e-01  3.40850188e-09  0.00000000e+00  2.00000000e-01  0.00000000e+00 
 2.10000000e-01  3.40913347e-09  0.00000000e+00  2.10000000e-01  0.00000000e+00 
 2.20000000e-01  3.40976805e-09  0.00000000e+00  2.20000000e-01  0.00000000e+00 
 2.30000000e-01  3.41040583e-09  0.00000000e+00  2.30000000e-01  0.00000000e+00 
 2.40000000e-01  3.41104718e-09  0.00000000e+00  2.40000000e-01  0.00000000e+00 
 2.50000000e-01  3.41169210e-09  0.00000000e+00  2.50000000e-01  0.00000000e+00 
 2.60000000e-01  3.41234095e-09  0.00000000e+00  2.60000000e-01  0.00000000e+00 
 2.70000000e-01  3.41299376e-09  0.00000000e+00  2.70000000e-01  0.00000000e+00 
 2.80000000e-01  3.41365069e-09  0.00000000e+00  2.80000000e-01  0.00000000e+00 
 2.90000000e-01  3.41431193e-09  0.00000000e+00  2.90000000e-01  0.00000000e+00 
 3.00000000e-01  3.41497745e-09  0.00000000e+00  3.00000000e-01  0.00000000e+00 
 3.10000000e-01  3.41564751e-09  0.00000000e+00  3.10000000e-01  0.00000000e+00 
 3.20000000e-01  3.41632203e-09  0.00000000e+00  3.20000000e-01  0.00000000e+00 
 3.30000000e-01  3.41700113e-09  0.00000000e+00  3.30000000e-01  0.00000000e+00 
 3.40000000e-01  3.41768487e-09  0.00000000e+00  3.40000000e-01  0.00000000e+00 
 3.50000000e-01  3.41837343e-09  0.00000000e+00  3.50000000e-01  0.00000000e+00 
 3.60000000e-01  3.41906671e-09  0.00000000e+00  3.60000000e-01  0.00000000e+00 
 3.70000000e-01  3.41976480e-09  0.00000000e+00  3.70000000e-01  0.00000000e+00 
 3.80000000e-01  3.42046789e-09  0.00000000e+00  3.80000000e-01  0.00000000e+00 
 3.90000000e-01  3.42117588e-09  0.00000000e+00  3.90000000e-01  0.00000000e+00 
 4.00000000e-01  3.42188879e-09  0.00000000e+00  4.00000000e-01  0.00000000e+00 
 4.10000000e-01  3.42260682e-09  0.00000000e+00  4.10000000e-01  0.00000000e+00 
 4.20000000e-01  3.42332983e-09  0.00000000e+00  4.20000000e-01  0.00000000e+00 
 4.30000000e-01  3.42405805e-09  0.00000000e+00  4.30000000e-01  0.00000000e+00 
 4.40000000e-01  3.42479135e-09  0.00000000e+00  4.40000000e-01  0.00000000e+00 
 4.50000000e-01  3.42552992e-09  0.00000000e+00  4.50000000e-01  0.00000000e+00 
 4.60000000e-01  3.42627370e-09  0.00000000e+00  4.60000000e-01  0.00000000e+00 
 4.70000000e-01  3.42702277e-09  0.00000000e+00  4.70000000e-01  0.00000000e+00 
 4.80000000e-01  3.42777705e-09  0.00000000e+00  4.80000000e-01  0.00000000e+00 
 4.90000000e-01  3.42853678e-09  0.00000000e+00  4.90000000e-01  0.00000000e+00 
 5.00000000e-01  3.42930188e-09  0.00000000e+00  5.00000000e-01  0.00000000e+00 
 5.10000000e-01  3.43007233e-09  0.00000000e+00  5.10000000e-01  0.00000000e+00 
 5.20000000e-01  3.43084829e-09  0.00000000e+00  5.20000000e-01  0.00000000e+00 
 5.30000000e-01  3.43162974e-09  0.00000000e+00  5.30000000e-01  0.00000000e+00 
 5.40000000e-01  3.43241663e-09  0.00000000e+00  5.40000000e-01  0.00000000e+00 
 5.50000000e-01  3.43320913e-09  0.00000000e+00  5.50000000e-01  0.00000000e+00 
 5.60000000e-01  3.43400722e-09  0.00000000e+00  5.60000000e-01  0.00000000e+00 
 5.70000000e-01  3.43481089e-09  0.00000000e+00  5.70000000e-01  0.00000000e+00 
 5.80000000e-01  3.43562021e-09  0.00000000e+00  5.80000000e-01  0.00000000e+00 
 5.90000000e-01  3.43643524e-09  0.00000000e+00  5.90000000e-01  0.00000000e+00 
 6.00000000e-01  3.43725597e-09  0.00000000e+00  6.00000000e-01  0.00000000e+00 
 6.10000000e-01  3.43808241e-09  0.00000000e+00  6.10000000e-01  0.00000000e+00 
 6.20000000e-01  3.43891462e-09  0.00000000e+00  6.20000000e-01  0.00000000e+00 
 6.30000000e-01  3.43975266e-09  0.00000000e+00  6.30000000e-01  0.00000000e+00 
 6.40000000e-01  3.44059648e-09  0.00000000e+00  6.40000000e-01  0.00000000e+00 
 6.50000000e-01  3.44144623e-09  0.00000000e+00  6.50000000e-01  0.00000000e+00 
 6.60000000e-01  3.44230188e-09  0.00000000e+00  6.60000000e-01  0.00000000e+00 
 6.70000000e-01  3.44316341e-09  0.00000000e+00  6.70000000e-01  0.00000000e+00 
 6.80000000e-01  3.44403097e-09  0.00000000e+00  6.80000000e-01  0.00000000e+00 
 6.90000000e-01  3.44490446e-09  0.00000000e+00  6.90000000e-01  0.00000000e+00 
 7.00000000e-01  3.44578399e-09  0.00000000e+00  7.00000000e-01  0.00000000e+00 
 7.10000000e-01  3.44666957e-09  0.00000000e+00  7.10000000e-01  0.00000000e+00 
 7.20000000e-01  3.44756129e-09  0.00000000e+00  7.20000000e-01  0.00000000e+00 
 7.30000000e-01  3.44845909e-09  0.00000000e+00  7.30000000e-01  0.00000000e+00 
 7.40000000e-01  3.44936302e-09  0.00000000e+00  7.40000000e-01  0.00000000e+00 
 7.50000000e-01  3.45027313e-09  0.00000000e+00  7.50000000e-01  0.00000000e+00 
 7.60000000e-01  3.45118946e-09  0.00000000e+00  7.60000000e-01  0.00000000e+00 
 7.70000000e-01  3.45211203e-09  0.00000000e+00  7.70000000e-01  0.00000000e+00 
 7.80000000e-01  3.45304086e-09  0.00000000e+00  7.80000000e-01  0.00000000e+00 
 7.90000000e-01  3.45397601e-09  0.00000000e+00  7.90000000e-01  0.00000000e+00 
 8.00000000e-01  3.45491754e-09  0.00000000e+00  8.00000000e-01  0.00000000e+00 
 8.10000000e-01  3.45586543e-09  0.00000000e+00  8.10000000e-01  0.00000000e+00 
 8.20000000e-01  3.45681966e-09  0.00000000e+00  8.20000000e-01  0.00000000e+00 
 8.30000000e-01  3.45778038e-09  0.00000000e+00  8.30000000e-01  0.00000000e+00 
 8.40000000e-01  3.45874755e-09  0.00000000e+00  8.40000000e-01  0.00000000e+00 
 8.50000000e-01  3.45972121e-09  0.00000000e+00  8.50000000e-01  0.00000000e+00 
 8.60000000e-01  3.46070145e-09  0.00000000e+00  8.60000000e-01  0.00000000e+00 
 8.70000000e-01  3.46168817e-09  0.00000000e+00  8.70000000e-01  0.00000000e+00 
 8.80000000e-01  3.46268154e-09  0.00000000e+00  8.80000000e-01  0.00000000e+00 
 8.90000000e-01  3.46368152e-09  0.00000000e+00  8.90000000e-01  0.00000000e+00 
 9.00000000e-01  3.46468820e-09  0.00000000e+00  9.00000000e-01  0.00000000e+00 
 9.10000000e-01  3.46570146e-09  0.00000000e+00  9.10000000e-01  0.00000000e+00 
 9.20000000e-01  3.46672153e-09  0.00000000e+00  9.20000000e-01  0.00000000e+00 
 9.30000000e-01  3.46774834e-09  0.00000000e+00  9.30000000e-01  0.00000000e+00 
 9.40000000e-01  3.46878193e-09  0.00000000e+00  9.40000000e-01  0.00000000e+00 
 9.50000000e-01  3.46982243e-09  0.00000000e+00  9.50000000e-01  0.00000000e+00 
 9.60000000e-01  3.47086970e-09  0.00000000e+00  9.60000000e-01  0.00000000e+00 
 9.70000000e-01  3.47192385e-09  0.00000000e+00  9.70000000e-01  0.00000000e+00 
 9.80000000e-01  3.47298497e-09  0.00000000e+00  9.80000000e-01  0.00000000e+00 
 9.90000000e-01  3.47405301e-09  0.00000000e+00  9.90000000e-01  0.00000000e+00 
 1.00000000e+00  3.47512808e-09  0.00000000e+00  1.00000000e+00  0.00000000e+00 
 1.01000000e+00  3.47621015e-09  0.00000000e+00  1.01000000e+00  0.00000000e+00 
 1.02000000e+00  3.47729929e-09  0.00000000e+00  1.02000000e+00  0.00000000e+00 
 1.03000000e+00  3.47839547e-09  0.00000000e+00  1.03000000e+00  0.00000000e+00 
 1.04000000e+00  3.47949879e-09  0.00000000e+00  1.04000000e+00  0.00000000e+00 
 1.05000000e+00  3.48060935e-09  0.00000000e+00  1.05000000e+00  0.00000000e+00 
 1.06000000e+00  3.48172703e-09  0.00000000e+00  1.06000000e+00  0.00000000e+00 
 1.07000000e+00  3.48285196e-09  0.00000000e+00  1.07000000e+00  0.00000000e+00 
 1.08000000e+00  3.48398411e-09  0.00000000e+00  1.08000000e+00  0.00000000e+00 
 1.09000000e+00  3.48512365e-09  0.00000000e+00  1.09000000e+00  0.00000000e+00 
 1.10000000e+00  3.48627044e-09  0.00000000e+00  1.10000000e+00  0.00000000e+00 
 1.11000000e+00  3.48742461e-09  0.00000000e+00  1.11000000e+00  0.00000000e+00 
 1.12000000e+00  3.48858626e-09  0.00000000e+00  1.12000000e+00  0.00000000e+00 
 1.13000000e+00  3.48975525e-09  0.00000000e+00  1.13000000e+00  0.00000000e+00 
 1.14000000e+00  3.49093175e-09  0.00000000e+00  1.14000000e+00  0.00000000e+00 
 1.15000000e+00  3.49211571e-09  0.00000000e+00  1.15000000e+00  0.00000000e+00 
 1.16000000e+00  3.49330728e-09  0.00000000e+00  1.16000000e+00  0.00000000e+00 
 1.17000000e+00  3.49450640e-09  0.00000000e+00  1.17000000e+00  0.00000000e+00 
 1.18000000e+00  3.49571316e-09  0.00000000e+00  1.18000000e+00  0.00000000e+00 
 1.19000000e+00  3.49692758e-09  0.00000000e+00  1.19000000e+00  0.00000000e+00 
 1.20000000e+00  3.49814964e-09  0.00000000e+00  1.20000000e+00  0.00000000e+00 
 1.21000000e+00  3.49937945e-09  0.00000000e+00  1.21000000e+00  0.00000000e+00 
 1.22000000e+00  3.50061704e-09  0.00000000e+00  1.22000000e+00  0.00000000e+00 
 1.23000000e+00  3.50186246e-09  0.00000000e+00  1.23000000e+00  0.00000000e+00 
 1.24000000e+00  3.50311574e-09  0.00000000e+00  1.24000000e+00  0.00000000e+00 
 1.25000000e+00  3.50437689e-09  0.00000000e+00  1.25000000e+00  0.00000000e+00 
 1.26000000e+00  3.50564606e-09  0.00000000e+00  1.26000000e+00  0.00000000e+00 
 1.27000000e+00  3.50692320e-09  0.00000000e+00  1.27000000e+00  0.00000000e+00 
 1.28000000e+00  3.50820845e-09  0.00000000e+00  1.28000000e+00  0.00000000e+00 
 1.29000000e+00  3.50950192e-09  0.00000000e+00  1.29000000e+00  0.00000000e+00 
 1.30000000e+00  3.51080377e-09  0.00000000e+00  1.30000000e+00  0.00000000e+00 
 1.31000000e+00  3.51211408e-09  0.00000000e+00  1.31000000e+00  0.00000000e+00 
 1.32000000e+00  3.51343313e-09  0.00000000e+00  1.32000000e+00  0.00000000e+00 
 1.33000000e+00  3.51476139e-09  0.00000000e+00  1.33000000e+00  0.00000000e+00 
 1.34000000e+00  3.51609912e-09  0.00000000e+00  1.34000000e+00  0.00000000e+00 
 1.35000000e+00  3.51744718e-09  0.00000000e+00  1.35000000e+00  0.00000000e+00 
 1.36000000e+00  3.51880658e-09  0.00000000e+00  1.36000000e+00  0.00000000e+00 
 1.37000000e+00  3.52017882e-09  0.00000000e+00  1.37000000e+00  0.00000000e+00 
 1.38000000e+00  3.52156609e-09  0.00000000e+00  1.38000000e+00  0.00000000e+00 
 1.39000000e+00  3.52297168e-09  0.00000000e+00  1.39000000e+00  0.00000000e+00 
 1.40000000e+00  3.52440031e-09  0.00000000e+00  1.40000000e+00  0.00000000e+00 
 1.41000000e+00  3.52585900e-09  0.00000000e+00  1.41000000e+00  0.00000000e+00 
 1.42000000e+00  3.52735824e-09  0.00000000e+00  1.42000000e+00  0.00000000e+00 
 1.43000000e+00  3.52891322e-09  0.00000000e+00  1.43000000e+00  0.00000000e+00 
 1.44000000e+00  3.53054658e-09  0.00000000e+00  1.44000000e+00  0.00000000e+00 
 1.45000000e+00  3.53229159e-09  0.00000000e+00  1.45000000e+00  0.00000000e+00 
 1.46000000e+00  3.53419715e-09  0.00000000e+00  1.46000000e+00  0.00000000e+00 
 1.47000000e+00  3.53633532e-09  0.00000000e+00  1.47000000e+00  0.00000000e+00 
 1.48000000e+00  3.53881237e-09  0.00000000e+00  1.48000000e+00  0.00000000e+00 
 1.49000000e+00  3.54178406e-09  0.00000000e+00  1.49000000e+00  0.00000000e+00 
 1.50000000e+00  3.54547939e-09  0.00000000e+00  1.50000000e+00  0.00000000e+00 
 1.51000000e+00  3.55023445e-09  0.00000000e+00  1.51000000e+00  0.00000000e+00 
 1.52000000e+00  3.55654143e-09  0.00000000e+00  1.52000000e+00  0.00000000e+00 
 1.53000000e+00  3.56512096e-09  0.00000000e+00  1.53000000e+00  0.00000000e+00 
 1.54000000e+00  3.57702565e-09  0.00000000e+00  1.54000000e+00  0.00000000e+00 
 1.55000000e+00  3.59379088e-09  0.00000000e+00  1.55000000e+00  0.00000000e+00 
 1.56000000e+00  3.61765127e-09  0.00000000e+00  1.56000000e+00  0.00000000e+00 
 1.57000000e+00  3.65185107e-09  0.00000000e+00  1.57000000e+00  0.00000000e+00 
 1.58000000e+00  3.70108708e-09  0.00000000e+00  1.58000000e+00  0.00000000e+00 
 1.59000000e+00  3.77213693e-09  0.00000000e+00  1.59000000e+00  0.00000000e+00 
 1.60000000e+00  3.87474300e-09  0.00000000e+00  1.60000000e+00  0.00000000e+00 
 1.61000000e+00  4.02284747e-09  0.00000000e+00  1.61000000e+00  0.00000000e+00 
 1.62000000e+00  4.23630039e-09  0.00000000e+00  1.62000000e+00  0.00000000e+00 
 1.63000000e+00  4.54319533e-09  0.00000000e+00  1.63000000e+00  0.00000000e+00 
 1.64000000e+00  4.98302217e-09  0.00000000e+00  1.64000000e+00  0.00000000e+00 
 1.65000000e+00  5.61085869e-09  0.00000000e+00  1.65000000e+00  0.00000000e+00 
 1.66000000e+00  6.50284654e-09  0.00000000e+00  1.66000000e+00  0.00000000e+00 
 1.67000000e+00  7.76320567e-09  0.00000000e+00  1.67000000e+00  0.00000000e+00 
 1.68000000e+00  9.53302336e-09  0.00000000e+00  1.68000000e+00  0.00000000e+00 
 1.69000000e+00  1.20010007e-08  0.00000000e+00  1.69000000e+00  0.00000000e+00 
 1.70000000e+00  1.54162603e-08  0.00000000e+00  1.70000000e+00  0.00000000e+00 
 1.71000000e+00  2.01032146e-08  0.00000000e+00  1.71000000e+00  0.00000000e+00 
 1.72000000e+00  2.64784106e-08  0.00000000e+00  1.72000000e+00  0.00000000e+00 
 1.73000000e+00  3.50692487e-08  0.00000000e+00  1.73000000e+00  0.00000000e+00 
 1.74000000e+00  4.65345767e-08  0.00000000e+00  1.74000000e+00  0.00000000e+00 
 1.75000000e+00  6.16874421e-08  0.00000000e+00  1.75000000e+00  0.00000000e+00 
 1.76000000e+00  8.15207433e-08  0.00000000e+00  1.76000000e+00  0.00000000e+00 
 1.77000000e+00  1.07237118e-07  0.00000000e+00  1.77000000e+00  0.00000000e+00 
 1.78000000e+00  1.40285057e-07  0.00000000e+00  1.78000000e+00  0.00000000e+00 
 1.79000000e+00  1.82403823e-07  0.00000000e+00  1.79000000e+00  0.00000000e+00 
 1.80000000e+00  2.35680228e-07  0.00000000e+00  1.80000000e+00  0.00000000e+00 
 0.00000000e+00  4.50000002e-01  0.00000000e+00  0.00000000e+00  4.50000000e-01 
 1.00000000e-02  4.50000002e-01  0.00000000e+00  1.00000000e-02  4.50000000e-01 
 2.00000000e-02  4.50000002e-01  0.00000000e+00  2.00000000e-02  4.50000000e-01 
 3.00000000e-02  4.50000002e-01  0.00000000e+00  3.00000000e-02  4.50000000e-01 
 4.00000000e-02  4.50000002e-01  0.00000000e+00  4.00000000e-02  4.50000000e-01 
 5.00000000e-02  4.50000002e-01  0.00000000e+00  5.00000000e-02  4.50000000e-01 
 6.00000000e-02  4.50000002e-01  0.00000000e+00  6.00000000e-02  4.50000000e-01 
 7.00000000e-02  4.50000002e-01  0.00000000e+00  7.00000000e-02  4.50000000e-01 
 8.00000000e-02  4.50000002e-01  0.00000000e+00  8.00000000e-02  4.50000000e-01 
 9.00000000e-02  4.50000002e-01  0.00000000e+00  9.00000000e-02  4.50000000e-01 
 1.00000000e-01  4.50000002e-01  0.00000000e+00  1.00000000e-01  4.50000000e-01 
 1.10000000e-01  4.50000002e-01  0.00000000e+00  1.10000000e-01  4.50000000e-01 
 1.20000000e-01  4.50000002e-01  0.00000000e+00  1.20000000e-01  4.50000000e-01 
 1.30000000e-01  4.50000002e-01  0.00000000e+00  1.30000000e-01  4.50000000e-01 
 1.40000000e-01  4.50000002e-01  0.00000000e+00  1.40000000e-01  4.50000000e-01 
 1.50000000e-01  4.50000002e-01  0.00000000e+00  1.50000000e-01  4.50000000e-01 
 1.60000000e-01  4.50000002e-01  0.00000000e+00  1.60000000e-01  4.50000000e-01 
 1.70000000e-01  4.50000002e-01  0.00000000e+00  1.70000000e-01  4.50000000e-01 
 1.80000000e-01  4.50000002e-01  0.00000000e+00  1.80000000e-01  4.50000000e-01 
 1.90000000e-01  4.50000002e-01  0.00000000e+00  1.90000000e-01  4.50000000e-01 
 2.00000000e-01  4.50000002e-01  0.00000000e+00  2.00000000e-01  4.50000000e-01 
 2.10000000e-01  4.50000002e-01  0.00000000e+00  2.10000000e-01  4.50000000e-01 
 2.20000000e-01  4.50000002e-01  0.00000000e+00  2.20000000e-01  4.50000000e-01 
 2.30000000e-01  4.50000002e-01  0.00000000e+00  2.30000000e-01  4.50000000e-01 
 2.40000000e-01  4.50000002e-01  0.00000000e+00  2.40000000e-01  4.50000000e-01 
 2.50000000e-01  4.50000002e-01  0.00000000e+00  2.50000000e-01  4.50000000e-01 
 2.60000000e-01  4.50000002e-01  0.00000000e+00  2.60000000e-01  4.50000000e-01 
 2.70000000e-01  4.50000002e-01  0.00000000e+00  2.70000000e-01  4.50000000e-01 
 2.80000000e-01  4.50000002e-01  0.00000000e+00  2.80000000e-01  4.50000000e-01 
 2.90000000e-01  4.50000002e-01  0.00000000e+00  2.90000000e-01  4.50000000e-01 
 3.00000000e-01  4.50000002e-01  0.00000000e+00  3.00000000e-01  4.50000000e-01 
 3.10000000e-01  4.50000002e-01  0.00000000e+00  3.10000000e-01  4.50000000e-01 
 3.20000000e-01  4.50000002e-01  0.00000000e+00  3.20000000e-01  4.50000000e-01 
 3.30000000e-01  4.50000002e-01  0.00000000e+00  3.30000000e-01  4.50000000e-01 
 3.40000000e-01  4.50000002e-01  0.00000000e+00  3.40000000e-01  4.50000000e-01 
 3.50000000e-01  4.50000002e-01  0.00000000e+00  3.50000000e-01  4.50000000e-01 
 3.60000000e-01  4.50000002e-01  0.00000000e+00  3.60000000e-01  4.50000000e-01 
 3.70000000e-01  4.50000002e-01  0.00000000e+00  3.70000000e-01  4.50000000e-01 
 3.80000000e-01  4.50000002e-01  0.00000000e+00  3.80000000e-01  4.50000000e-01 
 3.90000000e-01  4.50000002e-01  0.00000000e+00  3.90000000e-01  4.50000000e-01 
 4.00000000e-01  4.50000002e-01  0.00000000e+00  4.00000000e-01  4.50000000e-01 
 4.10000000e-01  4.50000002e-01  0.00000000e+00  4.10000000e-01  4.50000000e-01 
 4.20000000e-01  4.50000002e-01  0.00000000e+00  4.20000000e-01  4.50000000e-01 
 4.30000000e-01  4.50000002e-01  0.00000000e+00  4.30000000e-01  4.50000000e-01 
 4.40000000e-01  4.50000002e-01  0.00000000e+00  4.40000000e-01  4.50000000e-01 
 4.50000000e-01  4.50000002e-01  0.00000000e+00  4.50000000e-01  4.50000000e-01 
 4.60000000e-01  4.50000002e-01  0.00000000e+00  4.60000000e-01  4.50000000e-01 
 4.70000000e-01  4.50000002e-01  0.00000000e+00  4.70000000e-01  4.50000000e-01 
 4.80000000e-01  4.50000002e-01  0.00000000e+00  4.80000000e-01  4.50000000e-01 
 4.90000000e-01  4.50000002e-01  0.00000000e+00  4.90000000e-01  4.50000000e-01 
 5.00000000e-01  4.50000002e-01  0.00000000e+00  5.00000000e-01  4.50000000e-01 
 5.10000000e-01  4.50000002e-01  0.00000000e+00  5.10000000e-01  4.50000000e-01 
 5.20000000e-01  4.50000002e-01  0.00000000e+00  5.20000000e-01  4.50000000e-01 
 5.30000000e-01  4.50000002e-01  0.00000000e+00  5.30000000e-01  4.50000000e-01 
 5.40000000e-01  4.50000002e-01  0.00000000e+00  5.40000000e-01  4.50000000e-01 
 5.50000000e-01  4.50000002e-01  0.00000000e+00  5.50000000e-01  4.50000000e-01 
 5.60000000e-01  4.50000002e-01  0.00000000e+00  5.60000000e-01  4.50000000e-01 
 5.70000000e-01  4.50000002e-01  0.00000000e+00  5.70000000e-01  4.50000000e-01 
 5.80000000e-01  4.50000002e-01  0.00000000e+00  5.80000000e-01  4.50000000e-01 
 5.90000000e-01  4.50000002e-01  0.00000000e+00  5.90000000e-01  4.50000000e-01 
 6.00000000e-01  4.50000002e-01  0.00000000e+00  6.00000000e-01  4.50000000e-01 
 6.10000000e-01  4.50000002e-01  0.00000000e+00  6.10000000e-01  4.50000000e-01 
 6.20000000e-01  4.50000002e-01  0.00000000e+00  6.20000000e-01  4.50000000e-01 
 6.30000000e-01  4.50000002e-01  0.00000000e+00  6.30000000e-01  4.50000000e-01 
 6.40000000e-01  4.50000002e-01  0.00000000e+00  6.40000000e-01  4.50000000e-01 
 6.50000000e-01  4.50000002e-01  0.00000000e+00  6.50000000e-01  4.50000000e-01 
 6.60000000e-01  4.50000002e-01  0.00000000e+00  6.60000000e-01  4.50000000e-01 
 6.70000000e-01  4.50000002e-01  0.00000000e+00  6.70000000e-01  4.50000000e-01 
 6.80000000e-01  4.50000002e-01  0.00000000e+00  6.80000000e-01  4.50000000e-01 
 6.90000000e-01  4.50000002e-01  0.00000000e+00  6.90000000e-01  4.50000000e-01 
 7.00000000e-01  4.50000002e-01  0.00000000e+00  7.00000000e-01  4.50000000e-01 
 7.10000000e-01  4.50000002e-01  0.00000000e+00  7.10000000e-01  4.50000000e-01 
 7.20000000e-01  4.50000002e-01  0.00000000e+00  7.20000000e-01  4.50000000e-01 
 7.30000000e-01  4.50000002e-01  0.00000000e+00  7.30000000e-01  4.50000000e-01 
 7.40000000e-01  4.50000002e-01  0.00000000e+00  7.40000000e-01  4.50000000e-01 
 7.50000000e-01  4.50000002e-01  0.00000000e+00  7.50000000e-01  4.50000000e-01 
 7.60000000e-01  4.50000002e-01  0.00000000e+00  7.60000000e-01  4.50000000e-01 
 7.70000000e-01  4.50000002e-01  0.00000000e+00  7.70000000e-01  4.50000000e-01 
 7.80000000e-01  4.50000002e-01  0.00000000e+00  7.80000000e-01  4.50000000e-01 
 7.90000000e-01  4.50000002e-01  0.00000000e+00  7.90000000e-01  4.50000000e-01 
 8.00000000e-01  4.50000002e-01  0.00000000e+00  8.00000000e-01  4.50000000e-01 
 8.10000000e-01  4.50000002e-01  0.00000000e+00  8.10000000e-01  4.50000000e-01 
 8.20000000e-01  4.50000002e-01  0.00000000e+00  8.20000000e-01  4.50000000e-01 
 8.30000000e-01  4.50000002e-01  0.00000000e+00  8.30000000e-01  4.50000000e-01 
 8.40000000e-01  4.50000002e-01  0.00000000e+00  8.40000000e-01  4.50000000e-01 
 8.50000000e-01  4.50000002e-01  0.00000000e+00  8.50000000e-01  4.50000000e-01 
 8.60000000e-01  4.50000002e-01  0.00000000e+00  8.60000000e-01  4.50000000e-01 
 8.70000000e-01  4.50000002e-01  0.00000000e+00  8.70000000e-01  4.50000000e-01 
 8.80000000e-01  4.50000002e-01  0.00000000e+00  8.80000000e-01  4.50000000e-01 
 8.90000000e-01  4.50000002e-01  0.00000000e+00  8.90000000e-01  4.50000000e-01 
 9.00000000e-01  4.50000002e-01  0.00000000e+00  9.00000000e-01  4.50000000e-01 
 9.10000000e-01  4.50000002e-01  0.00000000e+00  9.10000000e-01  4.50000000e-01 
 9.20000000e-01  4.50000002e-01  0.00000000e+00  9.20000000e-01  4.50000000e-01 
 9.30000000e-01  4.50000002e-01  0.00000000e+00  9.30000000e-01  4.50000000e-01 
 9.40000000e-01  4.50000002e-01  0.00000000e+00  9.40000000e-01  4.50000000e-01 
 9.50000000e-01  4.50000002e-01  0.00000000e+00  9.50000000e-01  4.50000000e-01 
 9.60000000e-01  4.50000002e-01  0.00000000e+00  9.60000000e-01  4.50000000e-01 
 9.70000000e-01  4.50000002e-01  0.00000000e+00  9.70000000e-01  4.50000000e-01 
 9.80000000e-01  4.50000002e-01  0.00000000e+00  9.80000000e-01  4.50000000e-01 
 9.90000000e-01  4.50000002e-01  0.00000000e+00  9.90000000e-01  4.50000000e-01 
 1.00000000e+00  4.50000002e-01  0.00000000e+00  1.00000000e+00  4.50000000e-01 
 1.01000000e+00  4.50000002e-01  0.00000000e+00  1.01000000e+00  4.50000000e-01 
 1.02000000e+00  4.50000002e-01  0.00000000e+00  1.02000000e+00  4.50000000e-01 
 1.03000000e+00  4.50000002e-01  0.00000000e+00  1.03000000e+00  4.50000000e-01 
 1.04000000e+00  4.50000002e-01  0.00000000e+00  1.04000000e+00  4.50000000e-01 
 1.05000000e+00  4.50000002e-01  0.00000000e+00  1.05000000e+00  4.50000000e-01 
 1.06000000e+00  4.50000002e-01  0.00000000e+00  1.06000000e+00  4.50000000e-01 
 1.07000000e+00  4.50000002e-01  0.00000000e+00  1.07000000e+00  4.50000000e-01 
 1.08000000e+00  4.50000002e-01  0.00000000e+00  1.08000000e+00  4.50000000e-01 
 1.09000000e+00  4.50000002e-01  0.00000000e+00  1.09000000e+00  4.50000000e-01 
 1.10000000e+00  4.50000002e-01  0.00000000e+00  1.10000000e+00  4.50000000e-01 
 1.11000000e+00  4.50000002e-01  0.00000000e+00  1.11000000e+00  4.50000000e-01 
 1.12000000e+00  4.50000002e-01  0.00000000e+00  1.12000000e+00  4.50000000e-01 
 1.13000000e+00  4.50000002e-01  0.00000000e+00  1.13000000e+00  4.50000000e-01 
 1.14000000e+00  4.50000002e-01  0.00000000e+00  1.14000000e+00  4.50000000e-01 
 1.15000000e+00  4.50000002e-01  0.00000000e+00  1.15000000e+00  4.50000000e-01 
 1.16000000e+00  4.50000002e-01  0.00000000e+00  1.16000000e+00  4.50000000e-01 
 1.17000000e+00  4.50000002e-01  0.00000000e+00  1.17000000e+00  4.50000000e-01 
 1.18000000e+00  4.50000002e-01  0.00000000e+00  1.18000000e+00  4.50000000e-01 
 1.19000000e+00  4.50000002e-01  0.00000000e+00  1.19000000e+00  4.50000000e-01 
 1.20000000e+00  4.50000002e-01  0.00000000e+00  1.20000000e+00  4.50000000e-01 
 1.21000000e+00  4.50000002e-01  0.00000000e+00  1.21000000e+00  4.50000000e-01 
 1.22000000e+00  4.50000002e-01  0.00000000e+00  1.22000000e+00  4.50000000e-01 
 1.23000000e+00  4.50000002e-01  0.00000000e+00  1.23000000e+00  4.50000000e-01 
 1.24000000e+00  4.50000002e-01  0.00000000e+00  1.24000000e+00  4.50000000e-01 
 1.25000000e+00  4.50000002e-01  0.00000000e+00  1.25000000e+00  4.50000000e-01 
 1.26000000e+00  4.50000002e-01  0.00000000e+00  1.26000000e+00  4.50000000e-01 
 1.27000000e+00  4.50000002e-01  0.00000000e+00  1.27000000e+00  4.50000000e-01 
 1.28000000e+00  4.50000002e-01  0.00000000e+00  1.28000000e+00  4.50000000e-01 
 1.29000000e+00  4.50000002e-01  0.00000000e+00  1.29000000e+00  4.50000000e-01 
 1.30000000e+00  4.50000002e-01  0.00000000e+00  1.30000000e+00  4.50000000e-01 
 1.31000000e+00  4.50000002e-01  0.00000000e+00  1.31000000e+00  4.50000000e-01 
 1.32000000e+00  4.50000002e-01  0.00000000e+00  1.32000000e+00  4.50000000e-01 
 1.33000000e+00  4.50000002e-01  0.00000000e+00  1.33000000e+00  4.50000000e-01 
 1.34000000e+00  4.50000002e-01  0.00000000e+00  1.34000000e+00  4.50000000e-01 
 1.35000000e+00  4.50000002e-01  0.00000000e+00  1.35000000e+00  4.50000000e-01 
 1.36000000e+00  4.50000002e-01  0.00000000e+00  1.36000000e+00  4.50000000e-01 
 1.37000000e+00  4.50000002e-01  0.00000000e+00  1.37000000e+00  4.50000000e-01 
 1.38000000e+00  4.50000002e-01  0.00000000e+00  1.38000000e+00  4.50000000e-01 
 1.39000000e+00  4.50000002e-01  0.00000000e+00  1.39000000e+00  4.50000000e-01 
 1.40000000e+00  4.50000002e-01  0.00000000e+00  1.40000000e+00  4.50000000e-01 
 1.41000000e+00  4.50000002e-01  0.00000000e+00  1.41000000e+00  4.50000000e-01 
 1.42000000e+00  4.50000002e-01  0.00000000e+00  1.42000000e+00  4.50000000e-01 
 1.43000000e+00  4.50000002e-01  0.00000000e+00  1.43000000e+00  4.50000000e-01 
 1.44000000e+00  4.50000002e-01  0.00000000e+00  1.44000000e+00  4.50000000e-01 
 1.45000000e+00  4.50000002e-01  0.00000000e+00  1.45000000e+00  4.50000000e-01 
 1.46000000e+00  4.50000002e-01  0.00000000e+00  1.46000000e+00  4.50000000e-01 
 1.47000000e+00  4.50000002e-01  0.00000000e+00  1.47000000e+00  4.50000000e-01 
 1.48000000e+00  4.50000002e-01  0.00000000e+00  1.48000000e+00  4.50000000e-01 
 1.49000000e+00  4.50000002e-01  0.00000000e+00  1.49000000e+00  4.50000000e-01 
 1.50000000e+00  4.50000002e-01  0.00000000e+00  1.50000000e+00  4.50000000e-01 
 1.51000000e+00  4.50000002e-01  0.00000000e+00  1.51000000e+00  4.50000000e-01 
 1.52000000e+00  4.50000002e-01  0.00000000e+00  1.52000000e+00  4.50000000e-01 
 1.53000000e+00  4.50000002e-01  0.00000000e+00  1.53000000e+00  4.50000000e-01 
 1.54000000e+00  4.50000002e-01  0.00000000e+00  1.54000000e+00  4.50000000e-01 
 1.55000000e+00  4.50000002e-01  0.00000000e+00  1.55000000e+00  4.50000000e-01 
 1.56000000e+00  4.50000002e-01  0.00000000e+00  1.56000000e+00  4.50000000e-01 
 1.57000000e+00  4.50000002e-01  0.00000000e+00  1.57000000e+00  4.50000000e-01 
 1.58000000e+00  4.50000002e-01  0.00000000e+00  1.58000000e+00  4.50000000e-01 
 1.59000000e+00  4.50000002e-01  0.00000000e+00  1.59000000e+00  4.50000000e-01 
 1.60000000e+00  4.50000002e-01  0.00000000e+00  1.60000000e+00  4.50000000e-01 
 1.61000000e+00  4.50000002e-01  0.00000000e+00  1.61000000e+00  4.50000000e-01 
 1.62000000e+00  4.50000003e-01  0.00000000e+00  1.62000000e+00  4.50000000e-01 
 1.63000000e+00  4.50000003e-01  0.00000000e+00  1.63000000e+00  4.50000000e-01 
 1.64000000e+00  4.50000003e-01  0.00000000e+00  1.64000000e+00  4.50000000e-01 
 1.65000000e+00  4.50000003e-01  0.00000000e+00  1.65000000e+00  4.50000000e-01 
 1.66000000e+00  4.50000003e-01  0.00000000e+00  1.66000000e+00  4.50000000e-01 
 1.67000000e+00  4.50000004e-01  0.00000000e+00  1.67000000e+00  4.50000000e-01 
 1.68000000e+00  4.50000005e-01  0.00000000e+00  1.68000000e+00  4.50000000e-01 
 1.69000000e+00  4.50000006e-01  0.00000000e+00  1.69000000e+00  4.50000000e-01 
 1.70000000e+00  4.50000008e-01  0.00000000e+00  1.70000000e+00  4.50000000e-01 
 1.71000000e+00  4.50000010e-01  0.00000000e+00  1.71000000e+00  4.50000000e-01 
 1.72000000e+00  4.50000013e-01  0.00000000e+00  1.72000000e+00  4.50000000e-01 
 1.73000000e+00  4.50000018e-01  0.00000000e+00  1.73000000e+00  4.50000000e-01 
 1.74000000e+00  4.50000024e-01  0.00000000e+00  1.74000000e+00  4.50000000e-01 
 1.75000000e+00  4.50000033e-01  0.00000000e+00  1.75000000e+00  4.50000000e-01 
 1.76000000e+00  4.50000045e-01  0.00000000e+00  1.76000000e+00  4.50000000e-01 
 1.77000000e+00  4.50000061e-01  0.00000000e+00  1.77000000e+00  4.50000000e-01 
 1.78000000e+00  4.50000083e-01  0.00000000e+00  1.78000000e+00  4.50000000e-01 
 1.79000000e+00  4.50000112e-01  0.00000000e+00  1.79000000e+00  4.50000000e-01 
 1.80000000e+00  4.50000150e-01  0.00000000e+00  1.80000000e+00  4.50000000e-01 
 0.00000000e+00  8.99999659e-01  0.00000000e+00  0.00000000e+00  9.00000000e-01 
 1.00000000e-02  8.99999999e-01  0.00000000e+00  1.00000000e-02  9.00000000e-01 
 2.00000000e-02  8.99999999e-01  0.00000000e+00  2.00000000e-02  9.00000000e-01 
 3.00000000e-02  8.99999999e-01  0.00000000e+00  3.00000000e-02  9.00000000e-01 
 4.00000000e-02  9.00000000e-01  0.00000000e+00  4.00000000e-02  9.00000000e-01 
 5.00000000e-02  9.00000000e-01  0.00000000e+00  5.00000000e-02  9.00000000e-01 
 6.00000000e-02  9.00000000e-01  0.00000000e+00  6.00000000e-02  9.00000000e-01 
 7.00000000e-02  9.00000000e-01  0.00000000e+00  7.00000000e-02  9.00000000e-01 
 8.00000000e-02  9.00000000e-01  0.00000000e+00  8.00000000e-02  9.00000000e-01 
 9.00000000e-02  9.00000000e-01  0.00000000e+00  9.00000000e-02  9.00000000e-01 
 1.00000000e-01  9.00000000e-01  0.00000000e+00  1.00000000e-01  9.00000000e-01 
 1.10000000e-01  9.00000000e-01  0.00000000e+00  1.10000000e-01  9.00000000e-01 
 1.20000000e-01  9.00000000e-01  0.00000000e+00  1.20000000e-01  9.00000000e-01 
 1.30000000e-01  9.00000000e-01  0.00000000e+00  1.30000000e-01  9.00000000e-01 
 1.40000000e-01  9.00000000e-01  0.00000000e+00  1.40000000e-01  9.00000000e-01 
 1.50000000e-01  9.00000000e-01  0.00000000e+00  1.50000000e-01  9.00000000e-01 
 1.60000000e-01  9.00000000e-01  0.00000000e+00  1.60000000e-01  9.00000000e-01 
 1.70000000e-01  9.00000000e-01  0.00000000e+00  1.70000000e-01  9.00000000e-01 
 1.80000000e-01  9.00000000e-01  0.00000000e+00  1.80000000e-01  9.00000000e-01 
 1.90000000e-01  9.00000000e-01  0.00000000e+00  1.90000000e-01  9.00000000e-01 
 2.00000000e-01  9.00000000e-01  0.00000000e+00  2.00000000e-01  9.00000000e-01 
 2.10000000e-01  9.00000000e-01  0.00000000e+00  2.10000000e-01  9.00000000e-01 
 2.20000000e-01  9.00000000e-01  0.00000000e+00  2.20000000e-01  9.00000000e-01 
 2.30000000e-01  9.00000000e-01  0.00000000e+00  2.30000000e-01  9.00000000e-01 
 2.40000000e-01  9.00000000e-01  0.00000000e+00  2.40000000e-01  9.00000000e-01 
 2.50000000e-01  9.00000000e-01  0.00000000e+00  2.50000000e-01  9.00000000e-01 
 2.60000000e-01  9.00000000e-01  0.00000000e+00  2.60000000e-01  9.00000000e-01 
 2.70000000e-01  9.00000000e-01  0.00000000e+00  2.70000000e-01  9.00000000e-01 
 2.80000000e-01  9.00000000e-01  0.00000000e+00  2.80000000e-01  9.00000000e-01 
 2.90000000e-01  9.00000000e-01  0.00000000e+00  2.90000000e-01  9.00000000e-01 
 3.00000000e-01  9.00000000e-01  0.00000000e+00  3.00000000e-01  9.00000000e-01 
 3.10000000e-01  9.00000000e-01  0.00000000e+00  3.10000000e-01  9.00000000e-01 
 3.20000000e-01  9.00000000e-01  0.00000000e+00  3.20000000e-01  9.00000000e-01 
 3.30000000e-01  9.00000000e-01  0.00000000e+00  3.30000000e-01  9.00000000e-01 
 3.40000000e-01  9.00000000e-01  0.00000000e+00  3.40000000e-01  9.00000000e-01 
 3.50000000e-01  9.00000000e-01  0.00000000e+00  3.50000000e-01  9.00000000e-01 
 3.60000000e-01  9.00000000e-01  0.00000000e+00  3.60000000e-01  9.00000000e-01 
 3.70000000e-01  9.00000000e-01  0.00000000e+00  3.70000000e-01  9.00000000e-01 
 3.80000000e-01  9.00000000e-01  0.00000000e+00  3.80000000e-01  9.00000000e-01 
 3.90000000e-01  9.00000000e-01  0.00000000e+00  3.90000000e-01  9.00000000e-01 
 4.00000000e-01  9.00000000e-01  0.00000000e+00  4.00000000e-01  9.00000000e-01 
 4.10000000e-01  9.00000000e-01  0.00000000e+00  4.10000000e-01  9.00000000e-01 
 4.20000000e-01  9.00000000e-01  0.00000000e+00  4.20000000e-01  9.00000000e-01 
 4.30000000e-01  9.00000000e-01  0.00000000e+00  4.30000000e-01  9.00000000e-01 
 4.40000000e-01  9.00000000e-01  0.00000000e+00  4.40000000e-01  9.00000000e-01 
 4.50000000e-01  9.00000000e-01  0.00000000e+00  4.50000000e-01  9.00000000e-01 
 4.60000000e-01  9.00000000e-01  0.00000000e+00  4.60000000e-01  9.00000000e-01 
 4.70000000e-01  9.00000000e-01  0.00000000e+00  4.70000000e-01  9.00000000e-01 
 4.80000000e-01  9.00000000e-01  0.00000000e+00  4.80000000e-01  9.00000000e-01 
 4.90000000e-01  9.00000000e-01  0.00000000e+00  4.90000000e-01  9.00000000e-01 
 5.00000000e-01  9.00000000e-01  0.00000000e+00  5.00000000e-01  9.00000000e-01 
 5.10000000e-01  9.00000000e-01  0.00000000e+00  5.10000000e-01  9.00000000e-01 
 5.20000000e-01  9.00000000e-01  0.00000000e+00  5.20000000e-01  9.00000000e-01 
 5.30000000e-01  9.00000000e-01  0.00000000e+00  5.30000000e-01  9.00000000e-01 
 5.40000000e-01  9.00000000e-01  0.00000000e+00  5.40000000e-01  9.00000000e-01 
 5.50000000e-01  9.00000000e-01  0.00000000e+00  5.50000000e-01  9.00000000e-01 
 5.60000000e-01  9.00000000e-01  0.00000000e+00  5.60000000e-01  9.00000000e-01 
 5.70000000e-01  9.00000000e-01  0.00000000e+00  5.70000000e-01  9.00000000e-01 
 5.80000000e-01  9.00000000e-01  0.00000000e+00  5.80000000e-01  9.00000000e-01 
 5.90000000e-01  9.00000000e-01  0.00000000e+00  5.90000000e-01  9.00000000e-01 
 6.00000000e-01  9.00000000e-01  0.00000000e+00  6.00000000e-01  9.00000000e-01 
 6.10000000e-01  9.00000000e-01  0.00000000e+00  6.10000000e-01  9.00000000e-01 
 6.20000000e-01  9.00000000e-01  0.00000000e+00  6.20000000e-01  9.00000000e-01 
 6.30000000e-01  9.00000000e-01  0.00000000e+00  6.30000000e-01  9.00000000e-01 
 6.40000000e-01  9.00000000e-01  0.00000000e+00  6.40000000e-01  9.00000000e-01 
 6.50000000e-01  9.00000000e-01  0.00000000e+00  6.50000000e-01  9.00000000e-01 
 6.60000000e-01  9.00000000e-01  0.00000000e+00  6.60000000e-01  9.00000000e-01 
 6.70000000e-01  9.00000000e-01  0.00000000e+00  6.70000000e-01  9.00000000e-01 
 6.80000000e-01  9.00000000e-01  0.00000000e+00  6.80000000e-01  9.00000000e-01 
 6.90000000e-01  9.00000000e-01  0.00000000e+00  6.90000000e-01  9.00000000e-01 
 7.00000000e-01  9.00000000e-01  0.00000000e+00  7.00000000e-01  9.00000000e-01 
 7.10000000e-01  9.00000000e-01  0.00000000e+00  7.10000000e-01  9.00000000e-01 
 7.20000000e-01  9.00000000e-01  0.00000000e+00  7.20000000e-01  9.00000000e-01 
 7.30000000e-01  9.00000000e-01  0.00000000e+00  7.30000000e-01  9.00000000e-01 
 7.40000000e-01  9.00000000e-01  0.00000000e+00  7.40000000e-01  9.00000000e-01 
 7.50000000e-01  9.00000000e-01  0.00000000e+00  7.50000000e-01  9.00000000e-01 
 7.60000000e-01  9.00000000e-01  0.00000000e+00  7.60000000e-01  9.00000000e-01 
 7.70000000e-01  9.00000000e-01  0.00000000e+00  7.70000000e-01  9.00000000e-01 
 7.80000000e-01  9.00000000e-01  0.00000000e+00  7.80000000e-01  9.00000000e-01 
 7.90000000e-01  9.00000000e-01  0.00000000e+00  7.90000000e-01  9.00000000e-01 
 8.00000000e-01  9.00000000e-01  0.00000000e+00  8.00000000e-01  9.00000000e-01 
 8.10000000e-01  9.00000000e-01  0.00000000e+00  8.10000000e-01  9.00000000e-01 
 8.20000000e-01  9.00000000e-01  0.00000000e+00  8.20000000e-01  9.00000000e-01 
 8.30000000e-01  9.00000000e-01  0.00000000e+00  8.30000000e-01  9.00000000e-01 
 8.40000000e-01  9.00000000e-01  0.00000000e+00  8.40000000e-01  9.00000000e-01 
 8.50000000e-01  9.00000000e-01  0.00000000e+00  8.50000000e-01  9.00000000e-01 
 8.60000000e-01  9.00000000e-01  0.00000000e+00  8.60000000e-01  9.00000000e-01 
 8.70000000e-01  9.00000000e-01  0.00000000e+00  8.70000000e-01  9.00000000e-01 
 8.80000000e-01  9.00000000e-01  0.00000000e+00  8.80000000e-01  9.00000000e-01 
 8.90000000e-01  9.00000000e-01  0.00000000e+00  8.90000000e-01  9.00000000e-01 
 9.00000000e-01  9.00000000e-01  0.00000000e+00  9.00000000e-01  9.00000000e-01 
 9.10000000e-01  9.00000000e-01  0.00000000e+00  9.10000000e-01  9.00000000e-01 
 9.20000000e-01  9.00000000e-01  0.00000000e+00  9.20000000e-01  9.00000000e-01 
 9.30000000e-01  9.00000000e-01  0.00000000e+00  9.30000000e-01  9.00000000e-01 
 9.40000000e-01  9.00000000e-01  0.00000000e+00  9.40000000e-01  9.00000000e-01 
 9.50000000e-01  9.00000000e-01  0.00000000e+00  9.50000000e-01  9.00000000e-01 
 9.60000000e-01  9.00000000e-01  0.00000000e+00  9.60000000e-01  9.00000000e-01 
 9.70000000e-01  9.00000000e-01  0.00000000e+00  9.70000000e-01  9.00000000e-01 
 9.80000000e-01  9.00000000e-01  0.00000000e+00  9.80000000e-01  9.00000000e-01 
 9.90000000e-01  9.00000000e-01  0.00000000e+00  9.90000000e-01  9.00000000e-01 
 1.00000000e+00  9.00000000e-01  0.00000000e+00  1.00000000e+00  9.00000000e-01 
 1.01000000e+00  9.00000000e-01  0.00000000e+00  1.01000000e+00  9.00000000e-01 
 1.02000000e+00  9.00000000e-01  0.00000000e+00  1.02000000e+00  9.00000000e-01 
 1.03000000e+00  9.00000000e-01  0.00000000e+00  1.03000000e+00  9.00000000e-01 
 1.04000000e+00  9.00000000e-01  0.00000000e+00  1.04000000e+00  9.00000000e-01 
 1.05000000e+00  9.00000000e-01  0.00000000e+00  1.05000000e+00  9.00000000e-01 
 1.06000000e+00  9.00000000e-01  0.00000000e+00  1.06000000e+00  9.00000000e-01 
 1.07000000e+00  9.00000000e-01  0.00000000e+00  1.07000000e+00  9.00000000e-01 
 1.08000000e+00  9.00000000e-01  0.00000000e+00  1.08000000e+00  9.00000000e-01 
 1.09000000e+00  9.00000000e-01  0.00000000e+00  1.09000000e+00  9.00000000e-01 
 1.10000000e+00  9.00000000e-01  0.00000000e+00  1.10000000e+00  9.00000000e-01 
 1.11000000e+00  9.00000000e-01  0.00000000e+00  1.11000000e+00  9.00000000e-01 
 1.12000000e+00  9.00000000e-01  0.00000000e+00  1.12000000e+00  9.00000000e-01 
 1.13000000e+00  9.00000000e-01  0.00000000e+00  1.13000000e+00  9.00000000e-01 
 1.14000000e+00  9.00000000e-01  0.00000000e+00  1.14000000e+00  9.00000000e-01 
 1.15000000e+00  9.00000000e-01  0.00000000e+00  1.15000000e+00  9.00000000e-01 
 1.16000000e+00  9.00000000e-01  0.00000000e+00  1.16000000e+00  9.00000000e-01 
 1.17000000e+00  9.00000000e-01  0.00000000e+00  1.17000000e+00  9.00000000e-01 
 1.18000000e+00  9.00000000e-01  0.00000000e+00  1.18000000e+00  9.00000000e-01 
 1.19000000e+00  9.00000000e-01  0.00000000e+00  1.19000000e+00  9.00000000e-01 
 1.20000000e+00  9.00000000e-01  0.00000000e+00  1.20000000e+00  9.00000000e-01 
 1.21000000e+00  9.00000000e-01  0.00000000e+00  1.21000000e+00  9.00000000e-01 
 1.22000000e+00  9.00000000e-01  0.00000000e+00  1.22000000e+00  9.00000000e-01 
 1.23000000e+00  9.00000000e-01  0.00000000e+00  1.23000000e+00  9.00000000e-01 
 1.24000000e+00  9.00000000e-01  0.00000000e+00  1.24000000e+00  9.00000000e-01 
 1.25000000e+00  9.00000000e-01  0.00000000e+00  1.25000000e+00  9.00000000e-01 
 1.26000000e+00  9.00000000e-01  0.00000000e+00  1.26000000e+00  9.00000000e-01 
 1.27000000e+00  9.00000000e-01  0.00000000e+00  1.27000000e+00  9.00000000e-01 
 1.28000000e+00  9.00000000e-01  0.00000000e+00  1.28000000e+00  9.00000000e-01 
 1.29000000e+00  9.00000000e-01  0.00000000e+00  1.29000000e+00  9.00000000e-01 
 1.30000000e+00  9.00000000e-01  0.00000000e+00  1.30000000e+00  9.00000000e-01 
 1.31000000e+00  9.00000000e-01  0.00000000e+00  1.31000000e+00  9.00000000e-01 
 1.32000000e+00  9.00000000e-01  0.00000000e+00  1.32000000e+00  9.00000000e-01 
 1.33000000e+00  9.00000000e-01  0.00000000e+00  1.33000000e+00  9.00000000e-01 
 1.34000000e+00  9.00000000e-01  0.00000000e+00  1.34000000e+00  9.00000000e-01 
 1.35000000e+00  9.00000000e-01  0.00000000e+00  1.35000000e+00  9.00000000e-01 
 1.36000000e+00  9.00000000e-01  0.00000000e+00  1.36000000e+00  9.00000000e-01 
 1.37000000e+00  9.00000000e-01  0.00000000e+00  1.37000000e+00  9.00000000e-01 
 1.38000000e+00  9.00000000e-01  0.00000000e+00  1.38000000e+00  9.00000000e-01 
 1.39000000e+00  9.00000000e-01  0.00000000e+00  1.39000000e+00  9.00000000e-01 
 1.40000000e+00  9.00000000e-01  0.00000000e+00  1.40000000e+00  9.00000000e-01 
 1.41000000e+00  9.00000000e-01  0.00000000e+00  1.41000000e+00  9.00000000e-01 
 1.42000000e+00  9.00000000e-01  0.00000000e+00  1.42000000e+00  9.00000000e-01 
 1.43000000e+00  9.00000000e-01  0.00000000e+00  1.43000000e+00  9.00000000e-01 
 1.44000000e+00  9.00000000e-01  0.00000000e+00  1.44000000e+00  9.00000000e-01 
 1.45000000e+00  9.00000000e-01  0.00000000e+00  1.45000000e+00  9.00000000e-01 
 1.46000000e+00  9.00000000e-01  0.00000000e+00  1.46000000e+00  9.00000000e-01 
 1.47000000e+00  9.00000000e-01  0.00000000e+00  1.47000000e+00  9.00000000e-01 
 1.48000000e+00  9.00000000e-01  0.00000000e+00  1.48000000e+00  9.00000000e-01 
 1.49000000e+00  9.00000000e-01  0.00000000e+00  1.49000000e+00  9.00000000e-01 
 1.50000000e+00  9.00000000e-01  0.00000000e+00  1.50000000e+00  9.00000000e-01 
 1.51000000e+00  9.00000000e-01  0.00000000e+00  1.51000000e+00  9.00000000e-01 
 1.52000000e+00  9.00000000e-01  0.00000000e+00  1.52000000e+00  9.00000000e-01 
 1.53000000e+00  9.00000000e-01  0.00000000e+00  1.53000000e+00  9.00000000e-01 
 1.54000000e+00  9.00000000e-01  0.00000000e+00  1.54000000e+00  9.00000000e-01 
 1.55000000e+00  9.00000000e-01  0.00000000e+00  1.55000000e+00  9.00000000e-01 
 1.56000000e+00  9.00000000e-01  0.00000000e+00  1.56000000e+00  9.00000000e-01 
 1.57000000e+00  9.00000000e-01  0.00000000e+00  1.57000000e+00  9.00000000e-01 
 1.58000000e+00  9.00000000e-01  0.00000000e+00  1.58000000e+00  9.00000000e-01 
 1.59000000e+00  9.00000000e-01  0.00000000e+00  1.59000000e+00  9.00000000e-01 
 1.60000000e+00  9.00000000e-01  0.00000000e+00  1.60000000e+00  9.00000000e-01 
 1.61000000e+00  9.00000000e-01  0.00000000e+00  1.61000000e+00  9.00000000e-01 
 1.62000000e+00  9.00000001e-01  0.00000000e+00  1.62000000e+00  9.00000000e-01 
 1.63000000e+00  9.00000001e-01  0.00000000e+00  1.63000000e+00  9.00000000e-01 
 1.64000000e+00  9.00000001e-01  0.00000000e+00  1.64000000e+00  9.00000000e-01 
 1.65000000e+00  9.00000002e-01  0.00000000e+00  1.65000000e+00  9.00000000e-01 
 1.66000000e+00  9.00000003e-01  0.00000000e+00  1.66000000e+00  9.00000000e-01 
 1.67000000e+00  9.00000004e-01  0.00000000e+00  1.67000000e+00  9.00000000e-01 
 1.68000000e+00  9.00000006e-01  0.00000000e+00  1.68000000e+00  9.00000000e-01 
 1.69000000e+00  9.00000009e-01  0.00000000e+00  1.69000000e+00  9.00000000e-01 
 1.70000000e+00  9.00000013e-01  0.00000000e+00  1.70000000e+00  9.00000000e-01 
 1.71000000e+00  9.00000019e-01  0.00000000e+00  1.71000000e+00  9.00000000e-01 
 1.72000000e+00  9.00000028e-01  0.00000000e+00  1.72000000e+00  9.00000000e-01 
 1.73000000e+00  9.00000041e-01  0.00000000e+00  1.73000000e+00  9.00000000e-01 
 1.74000000e+00  9.00000059e-01  0.00000000e+00  1.74000000e+00  9.00000000e-01 
 1.75000000e+00  9.00000084e-01  0.00000000e+00  1.75000000e+00  9.00000000e-01 
 1.76000000e+00  9.00000120e-01  0.00000000e+00  1.76000000e+00  9.00000000e-01 
 1.77000000e+00  9.00000171e-01  0.00000000e+00  1.77000000e+00  9.00000000e-01 
 1.78000000e+00  9.00000241e-01  0.00000000e+00  1.78000000e+00  9.00000000e-01 
 1.79000000e+00  9.00000338e-01  0.00000000e+00  1.79000000e+00  9.00000000e-01 
 1.80000000e+00  9.00000472e-01  0.00000000e+00  1.80000000e+00  9.00000000e-01 
 0.00000000e+00  1.35000108e+00  0.00000000e+00  0.00000000e+00  1.35000000e+00 
 1.00000000e-02  1.34999999e+00  0.00000000e+00  1.00000000e-02  1.35000000e+00 
 2.00000000e-02  1.34999999e+00  0.00000000e+00  2.00000000e-02  1.35000000e+00 
 3.00000000e-02  1.34999999e+00  0.00000000e+00  3.00000000e-02  1.35000000e+00 
 4.00000000e-02  1.34999999e+00  0.00000000e+00  4.00000000e-02  1.35000000e+00 
 5.00000000e-02  1.34999999e+00  0.00000000e+00  5.00000000e-02  1.35000000e+00 
 6.00000000e-02  1.34999999e+00  0.00000000e+00  6.00000000e-02  1.35000000e+00 
 7.00000000e-02  1.34999999e+00  0.00000000e+00  7.00000000e-02  1.35000000e+00 
 8.00000000e-02  1.34999999e+00  0.00000000e+00  8.00000000e-02  1.35000000e+00 
 9.00000000e-02  1.34999999e+00  0.00000000e+00  9.00000000e-02  1.35000000e+00 
 1.00000000e-01  1.34999999e+00  0.00000000e+00  1.00000000e-01  1.35000000e+00 
 1.10000000e-01  1.34999999e+00  0.00000000e+00  1.10000000e-01  1.35000000e+00 
 1.20000000e-01  1.34999999e+00  0.00000000e+00  1.20000000e-01  1.35000000e+00 
 1.30000000e-01  1.34999999e+00  0.00000000e+00  1.30000000e-01  1.35000000e+00 
 1.40000000e-01  1.34999999e+00  0.00000000e+00  1.40000000e-01  1.35000000e+00 
 1.50000000e-01  1.34999999e+00  0.00000000e+00  1.50000000e-01  1.35000000e+00 
 1.60000000e-01  1.34999999e+00  0.00000000e+00  1.60000000e-01  1.35000000e+00 
 1.70000000e-01  1.34999999e+00  0.00000000e+00  1.70000000e-01  1.35000000e+00 
 1.80000000e-01  1.34999999e+00  0.00000000e+00  1.80000000e-01  1.35000000e+00 
 1.90000000e-01  1.34999999e+00  0.00000000e+00  1.90000000e-01  1.35000000e+00 
 2.00000000e-01  1.34999999e+00  0.00000000e+00  2.00000000e-01  1.35000000e+00 
 2.10000000e-01  1.34999999e+00  0.00000000e+00  2.10000000e-01  1.35000000e+00 
 2.20000000e-01  1.34999999e+00  0.00000000e+00  2.20000000e-01  1.35000000e+00 
 2.30000000e-01  1.34999999e+00  0.00000000e+00  2.30000000e-01  1.35000000e+00 
 2.40000000e-01  1.34999999e+00  0.00000000e+00  2.40000000e-01  1.35000000e+00 
 2.50000000e-01  1.34999999e+00  0.00000000e+00  2.50000000e-01  1.35000000e+00 
 2.60000000e-01  1.34999999e+00  0.00000000e+00  2.60000000e-01  1.35000000e+00 
 2.70000000e-01  1.34999999e+00  0.00000000e+00  2.70000000e-01  1.35000000e+00 
 2.80000000e-01  1.34999999e+00  0.00000000e+00  2.80000000e-01  1.35000000e+00 
 2.90000000e-01  1.34999999e+00  0.00000000e+00  2.90000000e-01  1.35000000e+00 
 3.00000000e-01  1.34999999e+00  0.00000000e+00  3.00000000e-01  1.35000000e+00 
 3.10000000e-01  1.34999999e+00  0.00000000e+00  3.10000000e-01  1.35000000e+00 
 3.20000000e-01  1.34999999e+00  0.00000000e+00  3.20000000e-01  1.35000000e+00 
 3.30000000e-01  1.34999999e+00  0.00000000e+00  3.30000000e-01  1.35000000e+00 
 3.40000000e-01  1.34999999e+00  0.00000000e+00  3.40000000e-01  1.35000000e+00 
 3.50000000e-01  1.34999999e+00  0.00000000e+00  3.50000000e-01  1.35000000e+00 
 3.60000000e-01  1.34999999e+00  0.00000000e+00  3.60000000e-01  1.35000000e+00 
 3.70000000e-01  1.34999999e+00  0.00000000e+00  3.70000000e-01  1.35000000e+00 
 3.80000000e-01  1.34999999e+00  0.00000000e+00  3.80000000e-01  1.35000000e+00 
 3.90000000e-01  1.34999999e+00  0.00000000e+00  3.90000000e-01  1.35000000e+00 
 4.00000000e-01  1.34999999e+00  0.00000000e+00  4.00000000e-01  1.35000000e+00 
 4.10000000e-01  1.34999999e+00  0.00000000e+00  4.10000000e-01  1.35000000e+00 
 4.20000000e-01  1.34999999e+00  0.00000000e+00  4.20000000e-01  1.35000000e+00 
 4.30000000e-01  1.34999999e+00  0.00000000e+00  4.30000000e-01  1.35000000e+00 
 4.40000000e-01  1.34999999e+00  0.00000000e+00  4.40000000e-01  1.35000000e+00 
 4.50000000e-01  1.34999999e+00  0.00000000e+00  4.50000000e-01  1.35000000e+00 
 4.60000000e-01  1.34999999e+00  0.00000000e+00  4.60000000e-01  1.35000000e+00 
 4.70000000e-01  1.34999999e+00  0.00000000e+00  4.70000000e-01  1.35000000e+00 
 4.80000000e-01  1.34999999e+00  0.00000000e+00  4.80000000e-01  1.35000000e+00 
 4.90000000e-01  1.34999999e+00  0.00000000e+00  4.90000000e-01  1.35000000e+00 
 5.00000000e-01  1.34999999e+00  0.00000000e+00  5.00000000e-01  1.35000000e+00 
 5.10000000e-01  1.34999999e+00  0.00000000e+00  5.10000000e-01  1.35000000e+00 
 5.20000000e-01  1.34999999e+00  0.00000000e+00  5.20000000e-01  1.35000000e+00 
 5.30000000e-01  1.34999999e+00  0.00000000e+00  5.30000000e-01  1.35000000e+00 
 5.40000000e-01  1.34999999e+00  0.00000000e+00  5.40000000e-01  1.35000000e+00 
 5.50000000e-01  1.34999999e+00  0.00000000e+00  5.50000000e-01  1.35000000e+00 
 5.60000000e-01  1.34999999e+00  0.00000000e+00  5.60000000e-01  1.35000000e+00 
 5.70000000e-01  1.34999999e+00  0.00000000e+00  5.70000000e-01  1.35000000e+00 
 5.80000000e-01  1.34999999e+00  0.00000000e+00  5.80000000e-01  1.35000000e+00 
 5.90000000e-01  1.34999999e+00  0.00000000e+00  5.90000000e-01  1.35000000e+00 
 6.00000000e-01  1.34999999e+00  0.00000000e+00  6.00000000e-01  1.35000000e+00 
 6.10000000e-01  1.34999999e+00  0.00000000e+00  6.10000000e-01  1.35000000e+00 
 6.20000000e-01  1.34999999e+00  0.00000000e+00  6.20000000e-01  1.35000000e+00 
 6.30000000e-01  1.34999999e+00  0.00000000e+00  6.30000000e-01  1.35000000e+00 
 6.40000000e-01  1.34999999e+00  0.00000000e+00  6.40000000e-01  1.35000000e+00 
 6.50000000e-01  1.34999999e+00  0.00000000e+00  6.50000000e-01  1.35000000e+00 
 6.60000000e-01  1.34999999e+00  0.00000000e+00  6.60000000e-01  1.35000000e+00 
 6.70000000e-01  1.34999999e+00  0.00000000e+00  6.70000000e-01  1.35000000e+00 
 6.80000000e-01  1.34999999e+00  0.00000000e+00  6.80000000e-01  1.35000000e+00 
 6.90000000e-01  1.34999999e+00  0.00000000e+00  6.90000000e-01  1.35000000e+00 
 7.00000000e-01  1.34999999e+00  0.00000000e+00  7.00000000e-01  1.35000000e+00 
 7.10000000e-01  1.34999999e+00  0.00000000e+00  7.10000000e-01  1.35000000e+00 
 7.20000000e-01  1.34999999e+00  0.00000000e+00  7.20000000e-01  1.35000000e+00 
 7.30000000e-01  1.34999999e+00  0.00000000e+00  7.30000000e-01  1.35000000e+00 
 7.40000000e-01  1.34999999e+00  0.00000000e+00  7.40000000e-01  1.35000000e+00 
 7.50000000e-01  1.34999999e+00  0.00000000e+00  7.50000000e-01  1.35000000e+00 
 7.60000000e-01  1.34999999e+00  0.00000000e+00  7.60000000e-01  1.35000000e+00 
 7.70000000e-01  1.34999999e+00  0.00000000e+00  7.70000000e-01  1.35000000e+00 
 7.80000000e-01  1.34999999e+00  0.00000000e+00  7.80000000e-01  1.35000000e+00 
 7.90000000e-01  1.34999999e+00  0.00000000e+00  7.90000000e-01  1.35000000e+00 
 8.00000000e-01  1.34999999e+00  0.00000000e+00  8.00000000e-01  1.35000000e+00 
 8.10000000e-01  1.34999999e+00  0.00000000e+00  8.10000000e-01  1.35000000e+00 
 8.20000000e-01  1.34999999e+00  0.00000000e+00  8.20000000e-01  1.35000000e+00 
 8.30000000e-01  1.34999999e+00  0.00000000e+00  8.30000000e-01  1.35000000e+00 
 8.40000000e-01  1.34999999e+00  0.00000000e+00  8.40000000e-01  1.35000000e+00 
 8.50000000e-01  1.34999999e+00  0.00000000e+00  8.50000000e-01  1.35000000e+00 
 8.60000000e-01  1.34999999e+00  0.00000000e+00  8.60000000e-01  1.35000000e+00 
 8.70000000e-01  1.34999999e+00  0.00000000e+00  8.70000000e-01  1.35000000e+00 
 8.80000000e-01  1.34999999e+00  0.00000000e+00  8.80000000e-01  1.35000000e+00 
 8.90000000e-01  1.34999999e+00  0.00000000e+00  8.90000000e-01  1.35000000e+00 
 9.00000000e-01  1.34999999e+00  0.00000000e+00  9.00000000e-01  1.35000000e+00 
 9.10000000e-01  1.34999999e+00  0.00000000e+00  9.10000000e-01  1.35000000e+00 
 9.20000000e-01  1.34999999e+00  0.00000000e+00  9.20000000e-01  1.35000000e+00 
 9.30000000e-01  1.34999999e+00  0.00000000e+00  9.30000000e-01  1.35000000e+00 
 9.40000000e-01  1.34999999e+00  0.00000000e+00  9.40000000e-01  1.35000000e+00 
 9.50000000e-01  1.34999999e+00  0.00000000e+00  9.50000000e-01  1.35000000e+00 
 9.60000000e-01  1.34999999e+00  0.00000000e+00  9.60000000e-01  1.35000000e+00 
 9.70000000e-01  1.34999999e+00  0.00000000e+00  9.70000000e-01  1.35000000e+00 
 9.80000000e-01  1.34999999e+00  0.00000000e+00  9.80000000e-01  1.35000000e+00 
 9.90000000e-01  1.34999999e+00  0.00000000e+00  9.90000000e-01  1.35000000e+00 
 1.00000000e+00  1.34999999e+00  0.00000000e+00  1.00000000e+00  1.35000000e+00 
 1.01000000e+00  1.34999999e+00  0.00000000e+00  1.01000000e+00  1.35000000e+00 
 1.02000000e+00  1.34999999e+00  0.00000000e+00  1.02000000e+00  1.35000000e+00 
 1.03000000e+00  1.34999999e+00  0.00000000e+00  1.03000000e+00  1.35000000e+00 
 1.04000000e+00  1.34999999e+00  0.00000000e+00  1.04000000e+00  1.35000000e+00 
 1.05000000e+00  1.34999999e+00  0.00000000e+00  1.05000000e+00  1.35000000e+00 
 1.06000000e+00  1.34999999e+00  0.00000000e+00  1.06000000e+00  1.35000000e+00 
 1.07000000e+00  1.34999999e+00  0.00000000e+00  1.07000000e+00  1.35000000e+00 
 1.08000000e+00  1.34999999e+00  0.00000000e+00  1.08000000e+00  1.35000000e+00 
 1.09000000e+00  1.34999999e+00  0.00000000e+00  1.09000000e+00  1.35000000e+00 
 1.10000000e+00  1.34999999e+00  0.00000000e+00  1.10000000e+00  1.35000000e+00 
 1.11000000e+00  1.34999999e+00  0.00000000e+00  1.11000000e+00  1.35000000e+00 
 1.12000000e+00  1.34999999e+00  0.00000000e+00  1.12000000e+00  1.35000000e+00 
 1.13000000e+00  1.34999999e+00  0.00000000e+00  1.13000000e+00  1.35000000e+00 
 1.14000000e+00  1.34999999e+00  0.00000000e+00  1.14000000e+00  1.35000000e+00 
 1.15000000e+00  1.34999999e+00  0.00000000e+00  1.15000000e+00  1.35000000e+00 
 1.16000000e+00  1.34999999e+00  0.00000000e+00  1.16000000e+00  1.35000000e+00 
 1.17000000e+00  1.34999999e+00  0.00000000e+00  1.17000000e+00  1.35000000e+00 
 1.18000000e+00  1.34999999e+00  0.00000000e+00  1.18000000e+00  1.35000000e+00 
 1.19000000e+00  1.34999999e+00  0.00000000e+00  1.19000000e+00  1.35000000e+00 
 1.20000000e+00  1.34999999e+00  0.00000000e+00  1.20000000e+00  1.35000000e+00 
 1.21000000e+00  1.34999999e+00  0.00000000e+00  1.21000000e+00  1.35000000e+00 
 1.22000000e+00  1.34999999e+00  0.00000000e+00  1.22000000e+00  1.35000000e+00 
 1.23000000e+00  1.34999999e+00  0.00000000e+00  1.23000000e+00  1.35000000e+00 
 1.24000000e+00  1.34999999e+00  0.00000000e+00  1.24000000e+00  1.35000000e+00 
 1.25000000e+00  1.34999999e+00  0.00000000e+00  1.25000000e+00  1.35000000e+00 
 1.26000000e+00  1.34999999e+00  0.00000000e+00  1.26000000e+00  1.35000000e+00 
 1.27000000e+00  1.34999999e+00  0.00000000e+00  1.27000000e+00  1.35000000e+00 
 1.28000000e+00  1.34999999e+00  0.00000000e+00  1.28000000e+00  1.35000000e+00 
 1.29000000e+00  1.34999999e+00  0.00000000e+00  1.29000000e+00  1.35000000e+00 
 1.30000000e+00  1.34999999e+00  0.00000000e+00  1.30000000e+00  1.35000000e+00 
 1.31000000e+00  1.34999999e+00  0.00000000e+00  1.31000000e+00  1.35000000e+00 
 1.32000000e+00  1.34999999e+00  0.00000000e+00  1.32000000e+00  1.35000000e+00 
 1.33000000e+00  1.34999999e+00  0.00000000e+00  1.33000000e+00  1.35000000e+00 
 1.34000000e+00  1.34999999e+00  0.00000000e+00  1.34000000e+00  1.35000000e+00 
 1.35000000e+00  1.34999999e+00  0.00000000e+00  1.35000000e+00  1.35000000e+00 
 1.36000000e+00  1.34999999e+00  0.00000000e+00  1.36000000e+00  1.35000000e+00 
 1.37000000e+00  1.34999999e+00  0.00000000e+00  1.37000000e+00  1.35000000e+00 
 1.38000000e+00  1.34999999e+00  0.00000000e+00  1.38000000e+00  1.35000000e+00 
 1.39000000e+00  1.34999999e+00  0.00000000e+00  1.39000000e+00  1.35000000e+00 
 1.40000000e+00  1.34999999e+00  0.00000000e+00  1.40000000e+00  1.35000000e+00 
 1.41000000e+00  1.34999999e+00  0.00000000e+00  1.41000000e+00  1.35000000e+00 
 1.42000000e+00  1.34999999e+00  0.00000000e+00  1.42000000e+00  1.35000000e+00 
 1.43000000e+00  1.34999999e+00  0.00000000e+00  1.43000000e+00  1.35000000e+00 
 1.44000000e+00  1.34999999e+00  0.00000000e+00  1.44000000e+00  1.35000000e+00 
 1.45000000e+00  1.34999999e+00  0.00000000e+00  1.45000000e+00  1.35000000e+00 
 1.46000000e+00  1.34999999e+00  0.00000000e+00  1.46000000e+00  1.35000000e+00 
 1.47000000e+00  1.34999999e+00  0.00000000e+00  1.47000000e+00  1.35000000e+00 
 1.48000000e+00  1.34999999e+00  0.00000000e+00  1.48000000e+00  1.35000000e+00 
 1.49000000e+00  1.34999999e+00  0.00000000e+00  1.49000000e+00  1.35000000e+00 
 1.50000000e+00  1.34999999e+00  0.00000000e+00  1.50000000e+00  1.35000000e+00 
 1.51000000e+00  1.34999999e+00  0.00000000e+00  1.51000000e+00  1.35000000e+00 
 1.52000000e+00  1.34999999e+00  0.00000000e+00  1.52000000e+00  1.35000000e+00 
 1.53000000e+00  1.34999999e+00  0.00000000e+00  1.53000000e+00  1.35000000e+00 
 1.54000000e+00  1.34999999e+00  0.00000000e+00  1.54000000e+00  1.35000000e+00 
 1.55000000e+00  1.34999999e+00  0.00000000e+00  1.55000000e+00  1.35000000e+00 
 1.56000000e+00  1.34999999e+00  0.00000000e+00  1.56000000e+00  1.35000000e+00 
 1.57000000e+00  1.34999999e+00  0.00000000e+00  1.57000000e+00  1.35000000e+00 
 1.58000000e+00  1.34999999e+00  0.00000000e+00  1.58000000e+00  1.35000000e+00 
 1.59000000e+00  1.34999999e+00  0.00000000e+00  1.59000000e+00  1.35000000e+00 
 1.60000000e+00  1.34999999e+00  0.00000000e+00  1.60000000e+00  1.35000000e+00 
 1.61000000e+00  1.34999999e+00  0.00000000e+00  1.61000000e+00  1.35000000e+00 
 1.62000000e+00  1.34999999e+00  0.00000000e+00  1.62000000e+00  1.35000000e+00 
 1.63000000e+00  1.34999999e+00  0.00000000e+00  1.63000000e+00  1.35000000e+00 
 1.64000000e+00  1.34999999e+00  0.00000000e+00  1.64000000e+00  1.35000000e+00 
 1.65000000e+00  1.34999999e+00  0.00000000e+00  1.65000000e+00  1.35000000e+00 
 1.66000000e+00  1.34999999e+00  0.00000000e+00  1.66000000e+00  1.35000000e+00 
 1.67000000e+00  1.34999999e+00  0.00000000e+00  1.67000000e+00  1.35000000e+00 
 1.68000000e+00  1.34999999e+00  0.00000000e+00  1.68000000e+00  1.35000000e+00 
 1.69000000e+00  1.34999999e+00  0.00000000e+00  1.69000000e+00  1.35000000e+00 
 1.70000000e+00  1.34999999e+00  0.00000000e+00  1.70000000e+00  1.35000000e+00 
 1.71000000e+00  1.34999999e+00  0.00000000e+00  1.71000000e+00  1.35000000e+00 
 1.72000000e+00  1.34999999e+00  0.00000000e+00  1.72000000e+00  1.35000000e+00 
 1.73000000e+00  1.34999999e+00  0.00000000e+00  1.73000000e+00  1.35000000e+00 
 1.74000000e+00  1.35000000e+00  0.00000000e+00  1.74000000e+00  1.35000000e+00 
 1.75000000e+00  1.35000000e+00  0.00000000e+00  1.75000000e+00  1.35000000e+00 
 1.76000000e+00  1.35000000e+00  0.00000000e+00  1.76000000e+00  1.35000000e+00 
 1.77000000e+00  1.35000001e+00  0.00000000e+00  1.77000000e+00  1.35000000e+00 
 1.78000000e+00  1.35000002e+00  0.00000000e+00  1.78000000e+00  1.35000000e+00 
 1.79000000e+00  1.35000003e+00  0.00000000e+00  1.79000000e+00  1.35000000e+00 
 1.80000000e+00  1.35000004e+00  0.00000000e+00  1.80000000e+00  1.35000000e+00 
 0.00000000e+00  1.79999893e+00  0.00000000e+00  0.00000000e+00  1.80000000e+00 
 1.00000000e-02  1.79999896e+00  0.00000000e+00  1.00000000e-02  1.80000000e+00 
 2.00000000e-02  1.79999898e+00  0.00000000e+00  2.00000000e-02  1.80000000e+00 
 3.00000000e-02  1.79999900e+00  0.00000000e+00  3.00000000e-02  1.80000000e+00 
 4.00000000e-02  1.79999902e+00  0.00000000e+00  4.00000000e-02  1.80000000e+00 
 5.00000000e-02  1.79999904e+00  0.00000000e+00  5.00000000e-02  1.80000000e+00 
 6.00000000e-02  1.79999906e+00  0.00000000e+00  6.00000000e-02  1.80000000e+00 
 7.00000000e-02  1.79999908e+00  0.00000000e+00  7.00000000e-02  1.80000000e+00 
 8.00000000e-02  1.79999910e+00  0.00000000e+00  8.00000000e-02  1.80000000e+00 
 9.00000000e-02  1.79999912e+00  0.00000000e+00  9.00000000e-02  1.80000000e+00 
 1.00000000e-01  1.79999914e+00  0.00000000e+00  1.00000000e-01  1.80000000e+00 
 1.10000000e-01  1.79999916e+00  0.00000000e+00  1.10000000e-01  1.80000000e+00 
 1.20000000e-01  1.79999918e+00  0.00000000e+00  1.20000000e-01  1.80000000e+00 
 1.30000000e-01  1.79999920e+00  0.00000000e+00  1.30000000e-01  1.80000000e+00 
 1.40000000e-01  1.79999921e+00  0.00000000e+00  1.40000000e-01  1.80000000e+00 
 1.50000000e-01  1.79999923e+00  0.00000000e+00  1.50000000e-01  1.80000000e+00 
 1.60000000e-01  1.79999925e+00  0.00000000e+00  1.60000000e-01  1.80000000e+00 
 1.70000000e-01  1.79999926e+00  0.00000000e+00  1.70000000e-01  1.80000000e+00 
 1.80000000e-01  1.79999928e+00  0.00000000e+00  1.80000000e-01  1.80000000e+00 
 1.90000000e-01  1.79999930e+00  0.00000000e+00  1.90000000e-01  1.80000000e+00 
 2.00000000e-01  1.79999931e+00  0.00000000e+00  2.00000000e-01  1.80000000e+00 
 2.10000000e-01  1.79999933e+00  0.00000000e+00  2.10000000e-01  1.80000000e+00 
 2.20000000e-01  1.79999934e+00  0.00000000e+00  2.20000000e-01  1.80000000e+00 
 2.30000000e-01  1.79999936e+00  0.00000000e+00  2.30000000e-01  1.80000000e+00 
 2.40000000e-01  1.79999937e+00  0.00000000e+00  2.40000000e-01  1.80000000e+00 
 2.50000000e-01  1.79999939e+00  0.00000000e+00  2.50000000e-01  1.80000000e+00 
 2.60000000e-01  1.79999940e+00  0.00000000e+00  2.60000000e-01  1.80000000e+00 
 2.70000000e-01  1.79999941e+00  0.00000000e+00  2.70000000e-01  1.80000000e+00 
 2.80000000e-01  1.79999943e+00  0.00000000e+00  2.80000000e-01  1.80000000e+00 
 2.90000000e-01  1.79999944e+00  0.00000000e+00  2.90000000e-01  1.80000000e+00 
 3.00000000e-01  1.79999945e+00  0.00000000e+00  3.00000000e-01  1.80000000e+00 
 3.10000000e-01  1.79999946e+00  0.00000000e+00  3.10000000e-01  1.80000000e+00 
 3.20000000e-01  1.79999948e+00  0.00000000e+00  3.20000000e-01  1.80000000e+00 
 3.30000000e-01  1.79999949e+00  0.00000000e+00  3.30000000e-01  1.80000000e+00 
 3.40000000e-01  1.79999950e+00  0.00000000e+00  3.40000000e-01  1.80000000e+00 
 3.50000000e-01  1.79999951e+00  0.00000000e+00  3.50000000e-01  1.80000000e+00 
 3.60000000e-01  1.79999952e+00  0.00000000e+00  3.60000000e-01  1.80000000e+00 
 3.70000000e-01  1.79999954e+00  0.00000000e+00  3.70000000e-01  1.80000000e+00 
 3.80000000e-01  1.79999955e+00  0.00000000e+00  3.80000000e-01  1.80000000e+00 
 3.90000000e-01  1.79999956e+00  0.00000000e+00  3.90000000e-01  1.80000000e+00 
 4.00000000e-01  1.79999957e+00  0.00000000e+00  4.00000000e-01  1.80000000e+00 
 4.10000000e-01  1.79999958e+00  0.00000000e+00  4.10000000e-01  1.80000000e+00 
 4.20000000e-01  1.79999959e+00  0.00000000e+00  4.20000000e-01  1.80000000e+00 
 4.30000000e-01  1.79999960e+00  0.00000000e+00  4.30000000e-01  1.80000000e+00 
 4.40000000e-01  1.79999961e+00  0.00000000e+00  4.40000000e-01  1.80000000e+00 
 4.50000000e-01  1.79999962e+00  0.00000000e+00  4.50000000e-01  1.80000000e+00 
 4.60000000e-01  1.79999962e+00  0.00000000e+00  4.60000000e-01  1.80000000e+00 
 4.70000000e-01  1.79999963e+00  0.00000000e+00  4.70000000e-01  1.80000000e+00 
 4.80000000e-01  1.79999964e+00  0.00000000e+00  4.80000000e-01  1.80000000e+00 
 4.90000000e-01  1.79999965e+00  0.00000000e+00  4.90000000e-01  1.80000000e+00 
 5.00000000e-01  1.79999966e+00  0.00000000e+00  5.00000000e-01  1.80000000e+00 
 5.10000000e-01  1.79999967e+00  0.00000000e+00  5.10000000e-01  1.80000000e+00 
 5.20000000e-01  1.79999968e+00  0.00000000e+00  5.20000000e-01  1.80000000e+00 
 5.30000000e-01  1.79999968e+00  0.00000000e+00  5.30000000e-01  1.80000000e+00 
 5.40000000e-01  1.79999969e+00  0.00000000e+00  5.40000000e-01  1.80000000e+00 
 5.50000000e-01  1.79999970e+00  0.00000000e+00  5.50000000e-01  1.80000000e+00 
 5.60000000e-01  1.79999971e+00  0.00000000e+00  5.60000000e-01  1.80000000e+00 
 5.70000000e-01  1.79999971e+00  0.00000000e+00  5.70000000e-01  1.80000000e+00 
 5.80000000e-01  1.79999972e+00  0.00000000e+00  5.80000000e-01  1.80000000e+00 
 5.90000000e-01  1.79999973e+00  0.00000000e+00  5.90000000e-01  1.80000000e+00 
 6.00000000e-01  1.79999973e+00  0.00000000e+00  6.00000000e-01  1.80000000e+00 
 6.10000000e-01  1.79999974e+00  0.00000000e+00  6.10000000e-01  1.80000000e+00 
 6.20000000e-01  1.79999975e+00  0.00000000e+00  6.20000000e-01  1.80000000e+00 
 6.30000000e-01  1.79999975e+00  0.00000000e+00  6.30000000e-01  1.80000000e+00 
 6.40000000e-01  1.79999976e+00  0.00000000e+00  6.40000000e-01  1.80000000e+00 
 6.50000000e-01  1.79999977e+00  0.00000000e+00  6.50000000e-01  1.80000000e+00 
 6.60000000e-01  1.79999977e+00  0.00000000e+00  6.60000000e-01  1.80000000e+00 
 6.70000000e-01  1.79999978e+00  0.00000000e+00  6.70000000e-01  1.80000000e+00 
 6.80000000e-01  1.79999978e+00  0.00000000e+00  6.80000000e-01  1.80000000e+00 
 6.90000000e-01  1.79999979e+00  0.00000000e+00  6.90000000e-01  1.80000000e+00 
 7.00000000e-01  1.79999979e+00  0.00000000e+00  7.00000000e-01  1.80000000e+00 
 7.10000000e-01  1.79999980e+00  0.00000000e+00  7.10000000e-01  1.80000000e+00 
 7.20000000e-01  1.79999980e+00  0.00000000e+00  7.20000000e-01  1.80000000e+00 
 7.30000000e-01  1.79999981e+00  0.00000000e+00  7.30000000e-01  1.80000000e+00 
 7.40000000e-01  1.79999981e+00  0.00000000e+00  7.40000000e-01  1.80000000e+00 
 7.50000000e-01  1.79999982e+00  0.00000000e+00  7.50000000e-01  1.80000000e+00 
 7.60000000e-01  1.79999982e+00  0.00000000e+00  7.60000000e-01  1.80000000e+00 
 7.70000000e-01  1.79999983e+00  0.00000000e+00  7.70000000e-01  1.80000000e+00 
 7.80000000e-01  1.79999983e+00  0.00000000e+00  7.80000000e-01  1.80000000e+00 
 7.90000000e-01  1.79999984e+00  0.00000000e+00  7.90000000e-01  1.80000000e+00 
 8.00000000e-01  1.79999984e+00  0.00000000e+00  8.00000000e-01  1.80000000e+00 
 8.10000000e-01  1.79999984e+00  0.00000000e+00  8.10000000e-01  1.80000000e+00 
 8.20000000e-01  1.79999985e+00  0.00000000e+00  8.20000000e-01  1.80000000e+00 
 8.30000000e-01  1.79999985e+00  0.00000000e+00  8.30000000e-01  1.80000000e+00 
 8.40000000e-01  1.79999986e+00  0.00000000e+00  8.40000000e-01  1.80000000e+00 
 8.50000000e-01  1.79999986e+00  0.00000000e+00  8.50000000e-01  1.80000000e+00 
 8.60000000e-01  1.79999986e+00  0.00000000e+00  8.60000000e-01  1.80000000e+00 
 8.70000000e-01  1.79999987e+00  0.00000000e+00  8.70000000e-01  1.80000000e+00 
 8.80000000e-01  1.79999987e+00  0.00000000e+00  8.80000000e-01  1.80000000e+00 
 8.90000000e-01  1.79999987e+00  0.00000000e+00  8.90000000e-01  1.80000000e+00 
 9.00000000e-01  1.79999988e+00  0.00000000e+00  9.00000000e-01  1.80000000e+00 
 9.10000000e-01  1.79999988e+00  0.00000000e+00  9.10000000e-01  1.80000000e+00 
 9.20000000e-01  1.79999988e+00  0.00000000e+00  9.20000000e-01  1.80000000e+00 
 9.30000000e-01  1.79999988e+00  0.00000000e+00  9.30000000e-01  1.80000000e+00 
 9.40000000e-01  1.79999989e+00  0.00000000e+00  9.40000000e-01  1.80000000e+00 
 9.50000000e-01  1.79999989e+00  0.00000000e+00  9.50000000e-01  1.80000000e+00 
 9.60000000e-01  1.79999989e+00  0.00000000e+00  9.60000000e-01  1.80000000e+00 
 9.70000000e-01  1.79999990e+00  0.00000000e+00  9.70000000e-01  1.80000000e+00 
 9.80000000e-01  1.79999990e+00  0.00000000e+00  9.80000000e-01  1.80000000e+00 
 9.90000000e-01  1.79999990e+00  0.00000000e+00  9.90000000e-01  1.80000000e+00 
 1.00000000e+00  1.79999990e+00  0.00000000e+00  1.00000000e+00  1.80000000e+00 
 1.01000000e+00  1.79999991e+00  0.00000000e+00  1.01000000e+00  1.80000000e+00 
 1.02000000e+00  1.79999991e+00  0.00000000e+00  1.02000000e+00  1.80000000e+00 
 1.03000000e+00  1.79999991e+00  0.00000000e+00  1.03000000e+00  1.80000000e+00 
 1.04000000e+00  1.79999991e+00  0.00000000e+00  1.04000000e+00  1.80000000e+00 
 1.05000000e+00  1.79999992e+00  0.00000000e+00  1.05000000e+00  1.80000000e+00 
 1.06000000e+00  1.79999992e+00  0.00000000e+00  1.06000000e+00  1.80000000e+00 
 1.07000000e+00  1.79999992e+00  0.00000000e+00  1.07000000e+00  1.80000000e+00 
 1.08000000e+00  1.79999992e+00  0.00000000e+00  1.08000000e+00  1.80000000e+00 
 1.09000000e+00  1.79999992e+00  0.00000000e+00  1.09000000e+00  1.80000000e+00 
 1.10000000e+00  1.79999993e+00  0.00000000e+00  1.10000000e+00  1.80000000e+00 
 1.11000000e+00  1.79999993e+00  0.00000000e+00  1.11000000e+00  1.80000000e+00 
 1.12000000e+00  1.79999993e+00  0.00000000e+00  1.12000000e+00  1.80000000e+00 
 1.13000000e+00  1.79999993e+00  0.00000000e+00  1.13000000e+00  1.80000000e+00 
 1.14000000e+00  1.79999993e+00  0.00000000e+00  1.14000000e+00  1.80000000e+00 
 1.15000000e+00  1.79999993e+00  0.00000000e+00  1.15000000e+00  1.80000000e+00 
 1.16000000e+00  1.79999994e+00  0.00000000e+00  1.16000000e+00  1.80000000e+00 
 1.17000000e+00  1.79999994e+00  0.00000000e+00  1.17000000e+00  1.80000000e+00 
 1.18000000e+00  1.79999994e+00  0.00000000e+00  1.18000000e+00  1.80000000e+00 
 1.19000000e+00  1.79999994e+00  0.00000000e+00  1.19000000e+00  1.80000000e+00 
 1.20000000e+00  1.79999994e+00  0.00000000e+00  1.20000000e+00  1.80000000e+00 
 1.21000000e+00  1.79999994e+00  0.00000000e+00  1.21000000e+00  1.80000000e+00 
 1.22000000e+00  1.79999994e+00  0.00000000e+00  1.22000000e+00  1.80000000e+00 
 1.23000000e+00  1.79999995e+00  0.00000000e+00  1.23000000e+00  1.80000000e+00 
 1.24000000e+00  1.79999995e+00  0.00000000e+00  1.24000000e+00  1.80000000e+00 
 1.25000000e+00  1.79999995e+00  0.00000000e+00  1.25000000e+00  1.80000000e+00 
 1.26000000e+00  1.79999995e+00  0.00000000e+00  1.26000000e+00  1.80000000e+00 
 1.27000000e+00  1.79999995e+00  0.00000000e+00  1.27000000e+00  1.80000000e+00 
 1.28000000e+00  1.79999995e+00  0.00000000e+00  1.28000000e+00  1.80000000e+00 
 1.29000000e+00  1.79999995e+00  0.00000000e+00  1.29000000e+00  1.80000000e+00 
 1.30000000e+00  1.79999995e+00  0.00000000e+00  1.30000000e+00  1.80000000e+00 
 1.31000000e+00  1.79999996e+00  0.00000000e+00  1.31000000e+00  1.80000000e+00 
 1.32000000e+00  1.79999996e+00  0.00000000e+00  1.32000000e+00  1.80000000e+00 
 1.33000000e+00  1.79999996e+00  0.00000000e+00  1.33000000e+00  1.80000000e+00 
 1.34000000e+00  1.79999996e+00  0.00000000e+00  1.34000000e+00  1.80000000e+00 
 1.35000000e+00  1.79999996e+00  0.00000000e+00  1.35000000e+00  1.80000000e+00 
 1.36000000e+00  1.79999996e+00  0.00000000e+00  1.36000000e+00  1.80000000e+00 
 1.37000000e+00  1.79999996e+00  0.00000000e+00  1.37000000e+00  1.80000000e+00 
 1.38000000e+00  1.79999996e+00  0.00000000e+00  1.38000000e+00  1.80000000e+00 
 1.39000000e+00  1.79999996e+00  0.00000000e+00  1.39000000e+00  1.80000000e+00 
 1.40000000e+00  1.79999996e+00  0.00000000e+00  1.40000000e+00  1.80000000e+00 
 1.41000000e+00  1.79999996e+00  0.00000000e+00  1.41000000e+00  1.80000000e+00 
 1.42000000e+00  1.79999997e+00  0.00000000e+00  1.42000000e+00  1.80000000e+00 
 1.43000000e+00  1.79999997e+00  0.00000000e+00  1.43000000e+00  1.80000000e+00 
 1.44000000e+00  1.79999997e+00  0.00000000e+00  1.44000000e+00  1.80000000e+00 
 1.45000000e+00  1.79999997e+00  0.00000000e+00  1.45000000e+00  1.80000000e+00 
 1.46000000e+00  1.79999997e+00  0.00000000e+00  1.46000000e+00  1.80000000e+00 
 1.47000000e+00  1.79999997e+00  0.00000000e+00  1.47000000e+00  1.80000000e+00 
 1.48000000e+00  1.79999997e+00  0.00000000e+00  1.48000000e+00  1.80000000e+00 
 1.49000000e+00  1.79999997e+00  0.00000000e+00  1.49000000e+00  1.80000000e+00 
 1.50000000e+00  1.79999997e+00  0.00000000e+00  1.50000000e+00  1.80000000e+00 
 1.51000000e+00  1.79999997e+00  0.00000000e+00  1.51000000e+00  1.80000000e+00 
 1.52000000e+00  1.79999997e+00  0.00000000e+00  1.52000000e+00  1.80000000e+00 
 1.53000000e+00  1.79999997e+00  0.00000000e+00  1.53000000e+00  1.80000000e+00 
 1.54000000e+00  1.79999997e+00  0.00000000e+00  1.54000000e+00  1.80000000e+00 
 1.55000000e+00  1.79999997e+00  0.00000000e+00  1.55000000e+00  1.80000000e+00 
 1.56000000e+00  1.79999997e+00  0.00000000e+00  1.56000000e+00  1.80000000e+00 
 1.57000000e+00  1.79999997e+00  0.00000000e+00  1.57000000e+00  1.80000000e+00 
 1.58000000e+00  1.79999997e+00  0.00000000e+00  1.58000000e+00  1.80000000e+00 
 1.59000000e+00  1.79999998e+00  0.00000000e+00  1.59000000e+00  1.80000000e+00 
 1.60000000e+00  1.79999998e+00  0.00000000e+00  1.60000000e+00  1.80000000e+00 
 1.61000000e+00  1.79999998e+00  0.00000000e+00  1.61000000e+00  1.80000000e+00 
 1.62000000e+00  1.79999998e+00  0.00000000e+00  1.62000000e+00  1.80000000e+00 
 1.63000000e+00  1.79999998e+00  0.00000000e+00  1.63000000e+00  1.80000000e+00 
 1.64000000e+00  1.79999998e+00  0.00000000e+00  1.64000000e+00  1.80000000e+00 
 1.65000000e+00  1.79999998e+00  0.00000000e+00  1.65000000e+00  1.80000000e+00 
 1.66000000e+00  1.79999998e+00  0.00000000e+00  1.66000000e+00  1.80000000e+00 
 1.67000000e+00  1.79999998e+00  0.00000000e+00  1.67000000e+00  1.80000000e+00 
 1.68000000e+00  1.79999998e+00  0.00000000e+00  1.68000000e+00  1.80000000e+00 
 1.69000000e+00  1.79999998e+00  0.00000000e+00  1.69000000e+00  1.80000000e+00 
 1.70000000e+00  1.79999998e+00  0.00000000e+00  1.70000000e+00  1.80000000e+00 
 1.71000000e+00  1.79999998e+00  0.00000000e+00  1.71000000e+00  1.80000000e+00 
 1.72000000e+00  1.79999998e+00  0.00000000e+00  1.72000000e+00  1.80000000e+00 
 1.73000000e+00  1.79999998e+00  0.00000000e+00  1.73000000e+00  1.80000000e+00 
 1.74000000e+00  1.79999998e+00  0.00000000e+00  1.74000000e+00  1.80000000e+00 
 1.75000000e+00  1.79999998e+00  0.00000000e+00  1.75000000e+00  1.80000000e+00 
 1.76000000e+00  1.79999998e+00  0.00000000e+00  1.76000000e+00  1.80000000e+00 
 1.77000000e+00  1.79999998e+00  0.00000000e+00  1.77000000e+00  1.80000000e+00 
 1.78000000e+00  1.79999998e+00  0.00000000e+00  1.78000000e+00  1.80000000e+00 
 1.79000000e+00  1.79999999e+00  0.00000000e+00  1.79000000e+00  1.80000000e+00 
 1.80000000e+00  1.79999999e+00  0.00000000e+00  1.80000000e+00  1.80000000e+00 
