 v-sweep         v(Y)            v(S)            v(A)            v(B)           
 0.00000000e+00  3.16754611e-09  0.00000000e+00  1.80000000e+00  0.00000000e+00 
 1.00000000e-02  1.00000031e-02  0.00000000e+00  1.80000000e+00  1.00000000e-02 
 2.00000000e-02  2.00000031e-02  0.00000000e+00  1.80000000e+00  2.00000000e-02 
 3.00000000e-02  3.00000030e-02  0.00000000e+00  1.80000000e+00  3.00000000e-02 
 4.00000000e-02  4.00000030e-02  0.00000000e+00  1.80000000e+00  4.00000000e-02 
 5.00000000e-02  5.00000029e-02  0.00000000e+00  1.80000000e+00  5.00000000e-02 
 6.00000000e-02  6.00000029e-02  0.00000000e+00  1.80000000e+00  6.00000000e-02 
 7.00000000e-02  7.00000028e-02  0.00000000e+00  1.80000000e+00  7.00000000e-02 
 8.00000000e-02  8.00000028e-02  0.00000000e+00  1.80000000e+00  8.00000000e-02 
 9.00000000e-02  9.00000028e-02  0.00000000e+00  1.80000000e+00  9.00000000e-02 
 1.00000000e-01  1.00000003e-01  0.00000000e+00  1.80000000e+00  1.00000000e-01 
 1.10000000e-01  1.10000003e-01  0.00000000e+00  1.80000000e+00  1.10000000e-01 
 1.20000000e-01  1.20000003e-01  0.00000000e+00  1.80000000e+00  1.20000000e-01 
 1.30000000e-01  1.30000003e-01  0.00000000e+00  1.80000000e+00  1.30000000e-01 
 1.40000000e-01  1.40000003e-01  0.00000000e+00  1.80000000e+00  1.40000000e-01 
 1.50000000e-01  1.50000003e-01  0.00000000e+00  1.80000000e+00  1.50000000e-01 
 1.60000000e-01  1.60000003e-01  0.00000000e+00  1.80000000e+00  1.60000000e-01 
 1.70000000e-01  1.70000003e-01  0.00000000e+00  1.80000000e+00  1.70000000e-01 
 1.80000000e-01  1.80000002e-01  0.00000000e+00  1.80000000e+00  1.80000000e-01 
 1.90000000e-01  1.90000002e-01  0.00000000e+00  1.80000000e+00  1.90000000e-01 
 2.00000000e-01  2.00000002e-01  0.00000000e+00  1.80000000e+00  2.00000000e-01 
 2.10000000e-01  2.10000002e-01  0.00000000e+00  1.80000000e+00  2.10000000e-01 
 2.20000000e-01  2.20000002e-01  0.00000000e+00  1.80000000e+00  2.20000000e-01 
 2.30000000e-01  2.30000002e-01  0.00000000e+00  1.80000000e+00  2.30000000e-01 
 2.40000000e-01  2.40000002e-01  0.00000000e+00  1.80000000e+00  2.40000000e-01 
 2.50000000e-01  2.50000002e-01  0.00000000e+00  1.80000000e+00  2.50000000e-01 
 2.60000000e-01  2.60000002e-01  0.00000000e+00  1.80000000e+00  2.60000000e-01 
 2.70000000e-01  2.70000002e-01  0.00000000e+00  1.80000000e+00  2.70000000e-01 
 2.80000000e-01  2.80000002e-01  0.00000000e+00  1.80000000e+00  2.80000000e-01 
 2.90000000e-01  2.90000002e-01  0.00000000e+00  1.80000000e+00  2.90000000e-01 
 3.00000000e-01  3.00000002e-01  0.00000000e+00  1.80000000e+00  3.00000000e-01 
 3.10000000e-01  3.10000002e-01  0.00000000e+00  1.80000000e+00  3.10000000e-01 
 3.20000000e-01  3.20000002e-01  0.00000000e+00  1.80000000e+00  3.20000000e-01 
 3.30000000e-01  3.30000002e-01  0.00000000e+00  1.80000000e+00  3.30000000e-01 
 3.40000000e-01  3.40000002e-01  0.00000000e+00  1.80000000e+00  3.40000000e-01 
 3.50000000e-01  3.50000002e-01  0.00000000e+00  1.80000000e+00  3.50000000e-01 
 3.60000000e-01  3.60000002e-01  0.00000000e+00  1.80000000e+00  3.60000000e-01 
 3.70000000e-01  3.70000002e-01  0.00000000e+00  1.80000000e+00  3.70000000e-01 
 3.80000000e-01  3.80000002e-01  0.00000000e+00  1.80000000e+00  3.80000000e-01 
 3.90000000e-01  3.90000002e-01  0.00000000e+00  1.80000000e+00  3.90000000e-01 
 4.00000000e-01  4.00000002e-01  0.00000000e+00  1.80000000e+00  4.00000000e-01 
 4.10000000e-01  4.10000002e-01  0.00000000e+00  1.80000000e+00  4.10000000e-01 
 4.20000000e-01  4.20000002e-01  0.00000000e+00  1.80000000e+00  4.20000000e-01 
 4.30000000e-01  4.30000002e-01  0.00000000e+00  1.80000000e+00  4.30000000e-01 
 4.40000000e-01  4.40000002e-01  0.00000000e+00  1.80000000e+00  4.40000000e-01 
 4.50000000e-01  4.50000002e-01  0.00000000e+00  1.80000000e+00  4.50000000e-01 
 4.60000000e-01  4.60000002e-01  0.00000000e+00  1.80000000e+00  4.60000000e-01 
 4.70000000e-01  4.70000002e-01  0.00000000e+00  1.80000000e+00  4.70000000e-01 
 4.80000000e-01  4.80000002e-01  0.00000000e+00  1.80000000e+00  4.80000000e-01 
 4.90000000e-01  4.90000002e-01  0.00000000e+00  1.80000000e+00  4.90000000e-01 
 5.00000000e-01  5.00000002e-01  0.00000000e+00  1.80000000e+00  5.00000000e-01 
 5.10000000e-01  5.10000002e-01  0.00000000e+00  1.80000000e+00  5.10000000e-01 
 5.20000000e-01  5.20000002e-01  0.00000000e+00  1.80000000e+00  5.20000000e-01 
 5.30000000e-01  5.30000002e-01  0.00000000e+00  1.80000000e+00  5.30000000e-01 
 5.40000000e-01  5.40000002e-01  0.00000000e+00  1.80000000e+00  5.40000000e-01 
 5.50000000e-01  5.50000002e-01  0.00000000e+00  1.80000000e+00  5.50000000e-01 
 5.60000000e-01  5.60000002e-01  0.00000000e+00  1.80000000e+00  5.60000000e-01 
 5.70000000e-01  5.70000002e-01  0.00000000e+00  1.80000000e+00  5.70000000e-01 
 5.80000000e-01  5.80000002e-01  0.00000000e+00  1.80000000e+00  5.80000000e-01 
 5.90000000e-01  5.90000002e-01  0.00000000e+00  1.80000000e+00  5.90000000e-01 
 6.00000000e-01  6.00000002e-01  0.00000000e+00  1.80000000e+00  6.00000000e-01 
 6.10000000e-01  6.10000002e-01  0.00000000e+00  1.80000000e+00  6.10000000e-01 
 6.20000000e-01  6.20000002e-01  0.00000000e+00  1.80000000e+00  6.20000000e-01 
 6.30000000e-01  6.30000002e-01  0.00000000e+00  1.80000000e+00  6.30000000e-01 
 6.40000000e-01  6.40000002e-01  0.00000000e+00  1.80000000e+00  6.40000000e-01 
 6.50000000e-01  6.50000002e-01  0.00000000e+00  1.80000000e+00  6.50000000e-01 
 6.60000000e-01  6.60000002e-01  0.00000000e+00  1.80000000e+00  6.60000000e-01 
 6.70000000e-01  6.70000002e-01  0.00000000e+00  1.80000000e+00  6.70000000e-01 
 6.80000000e-01  6.80000002e-01  0.00000000e+00  1.80000000e+00  6.80000000e-01 
 6.90000000e-01  6.90000002e-01  0.00000000e+00  1.80000000e+00  6.90000000e-01 
 7.00000000e-01  7.00000002e-01  0.00000000e+00  1.80000000e+00  7.00000000e-01 
 7.10000000e-01  7.10000002e-01  0.00000000e+00  1.80000000e+00  7.10000000e-01 
 7.20000000e-01  7.20000002e-01  0.00000000e+00  1.80000000e+00  7.20000000e-01 
 7.30000000e-01  7.30000002e-01  0.00000000e+00  1.80000000e+00  7.30000000e-01 
 7.40000000e-01  7.40000002e-01  0.00000000e+00  1.80000000e+00  7.40000000e-01 
 7.50000000e-01  7.50000002e-01  0.00000000e+00  1.80000000e+00  7.50000000e-01 
 7.60000000e-01  7.60000002e-01  0.00000000e+00  1.80000000e+00  7.60000000e-01 
 7.70000000e-01  7.70000002e-01  0.00000000e+00  1.80000000e+00  7.70000000e-01 
 7.80000000e-01  7.80000002e-01  0.00000000e+00  1.80000000e+00  7.80000000e-01 
 7.90000000e-01  7.90000002e-01  0.00000000e+00  1.80000000e+00  7.90000000e-01 
 8.00000000e-01  8.00000002e-01  0.00000000e+00  1.80000000e+00  8.00000000e-01 
 8.10000000e-01  8.10000002e-01  0.00000000e+00  1.80000000e+00  8.10000000e-01 
 8.20000000e-01  8.20000002e-01  0.00000000e+00  1.80000000e+00  8.20000000e-01 
 8.30000000e-01  8.30000002e-01  0.00000000e+00  1.80000000e+00  8.30000000e-01 
 8.40000000e-01  8.40000001e-01  0.00000000e+00  1.80000000e+00  8.40000000e-01 
 8.50000000e-01  8.50000001e-01  0.00000000e+00  1.80000000e+00  8.50000000e-01 
 8.60000000e-01  8.60000001e-01  0.00000000e+00  1.80000000e+00  8.60000000e-01 
 8.70000000e-01  8.70000001e-01  0.00000000e+00  1.80000000e+00  8.70000000e-01 
 8.80000000e-01  8.80000001e-01  0.00000000e+00  1.80000000e+00  8.80000000e-01 
 8.90000000e-01  8.90000000e-01  0.00000000e+00  1.80000000e+00  8.90000000e-01 
 9.00000000e-01  9.00000000e-01  0.00000000e+00  1.80000000e+00  9.00000000e-01 
 9.10000000e-01  9.09999999e-01  0.00000000e+00  1.80000000e+00  9.10000000e-01 
 9.20000000e-01  9.19999999e-01  0.00000000e+00  1.80000000e+00  9.20000000e-01 
 9.30000000e-01  9.29999998e-01  0.00000000e+00  1.80000000e+00  9.30000000e-01 
 9.40000000e-01  9.39999998e-01  0.00000000e+00  1.80000000e+00  9.40000000e-01 
 9.50000000e-01  9.49999997e-01  0.00000000e+00  1.80000000e+00  9.50000000e-01 
 9.60000000e-01  9.59999996e-01  0.00000000e+00  1.80000000e+00  9.60000000e-01 
 9.70000000e-01  9.69999995e-01  0.00000000e+00  1.80000000e+00  9.70000000e-01 
 9.80000000e-01  9.79999994e-01  0.00000000e+00  1.80000000e+00  9.80000000e-01 
 9.90000000e-01  9.89999994e-01  0.00000000e+00  1.80000000e+00  9.90000000e-01 
 1.00000000e+00  9.99999993e-01  0.00000000e+00  1.80000000e+00  1.00000000e+00 
 1.01000000e+00  1.00999999e+00  0.00000000e+00  1.80000000e+00  1.01000000e+00 
 1.02000000e+00  1.01999999e+00  0.00000000e+00  1.80000000e+00  1.02000000e+00 
 1.03000000e+00  1.02999999e+00  0.00000000e+00  1.80000000e+00  1.03000000e+00 
 1.04000000e+00  1.03999999e+00  0.00000000e+00  1.80000000e+00  1.04000000e+00 
 1.05000000e+00  1.04999999e+00  0.00000000e+00  1.80000000e+00  1.05000000e+00 
 1.06000000e+00  1.05999999e+00  0.00000000e+00  1.80000000e+00  1.06000000e+00 
 1.07000000e+00  1.06999999e+00  0.00000000e+00  1.80000000e+00  1.07000000e+00 
 1.08000000e+00  1.07999999e+00  0.00000000e+00  1.80000000e+00  1.08000000e+00 
 1.09000000e+00  1.08999999e+00  0.00000000e+00  1.80000000e+00  1.09000000e+00 
 1.10000000e+00  1.09999999e+00  0.00000000e+00  1.80000000e+00  1.10000000e+00 
 1.11000000e+00  1.10999999e+00  0.00000000e+00  1.80000000e+00  1.11000000e+00 
 1.12000000e+00  1.11999999e+00  0.00000000e+00  1.80000000e+00  1.12000000e+00 
 1.13000000e+00  1.12999999e+00  0.00000000e+00  1.80000000e+00  1.13000000e+00 
 1.14000000e+00  1.13999999e+00  0.00000000e+00  1.80000000e+00  1.14000000e+00 
 1.15000000e+00  1.14999999e+00  0.00000000e+00  1.80000000e+00  1.15000000e+00 
 1.16000000e+00  1.15999999e+00  0.00000000e+00  1.80000000e+00  1.16000000e+00 
 1.17000000e+00  1.16999999e+00  0.00000000e+00  1.80000000e+00  1.17000000e+00 
 1.18000000e+00  1.17999999e+00  0.00000000e+00  1.80000000e+00  1.18000000e+00 
 1.19000000e+00  1.18999999e+00  0.00000000e+00  1.80000000e+00  1.19000000e+00 
 1.20000000e+00  1.19999999e+00  0.00000000e+00  1.80000000e+00  1.20000000e+00 
 1.21000000e+00  1.20999999e+00  0.00000000e+00  1.80000000e+00  1.21000000e+00 
 1.22000000e+00  1.21999999e+00  0.00000000e+00  1.80000000e+00  1.22000000e+00 
 1.23000000e+00  1.22999999e+00  0.00000000e+00  1.80000000e+00  1.23000000e+00 
 1.24000000e+00  1.23999999e+00  0.00000000e+00  1.80000000e+00  1.24000000e+00 
 1.25000000e+00  1.24999999e+00  0.00000000e+00  1.80000000e+00  1.25000000e+00 
 1.26000000e+00  1.25999999e+00  0.00000000e+00  1.80000000e+00  1.26000000e+00 
 1.27000000e+00  1.26999999e+00  0.00000000e+00  1.80000000e+00  1.27000000e+00 
 1.28000000e+00  1.27999999e+00  0.00000000e+00  1.80000000e+00  1.28000000e+00 
 1.29000000e+00  1.28999999e+00  0.00000000e+00  1.80000000e+00  1.29000000e+00 
 1.30000000e+00  1.29999999e+00  0.00000000e+00  1.80000000e+00  1.30000000e+00 
 1.31000000e+00  1.30999999e+00  0.00000000e+00  1.80000000e+00  1.31000000e+00 
 1.32000000e+00  1.31999999e+00  0.00000000e+00  1.80000000e+00  1.32000000e+00 
 1.33000000e+00  1.32999999e+00  0.00000000e+00  1.80000000e+00  1.33000000e+00 
 1.34000000e+00  1.33999999e+00  0.00000000e+00  1.80000000e+00  1.34000000e+00 
 1.35000000e+00  1.34999999e+00  0.00000000e+00  1.80000000e+00  1.35000000e+00 
 1.36000000e+00  1.35999999e+00  0.00000000e+00  1.80000000e+00  1.36000000e+00 
 1.37000000e+00  1.36999999e+00  0.00000000e+00  1.80000000e+00  1.37000000e+00 
 1.38000000e+00  1.37999999e+00  0.00000000e+00  1.80000000e+00  1.38000000e+00 
 1.39000000e+00  1.38999999e+00  0.00000000e+00  1.80000000e+00  1.39000000e+00 
 1.40000000e+00  1.39999999e+00  0.00000000e+00  1.80000000e+00  1.40000000e+00 
 1.41000000e+00  1.40999999e+00  0.00000000e+00  1.80000000e+00  1.41000000e+00 
 1.42000000e+00  1.41999999e+00  0.00000000e+00  1.80000000e+00  1.42000000e+00 
 1.43000000e+00  1.42999999e+00  0.00000000e+00  1.80000000e+00  1.43000000e+00 
 1.44000000e+00  1.43999999e+00  0.00000000e+00  1.80000000e+00  1.44000000e+00 
 1.45000000e+00  1.44999999e+00  0.00000000e+00  1.80000000e+00  1.45000000e+00 
 1.46000000e+00  1.45999999e+00  0.00000000e+00  1.80000000e+00  1.46000000e+00 
 1.47000000e+00  1.46999999e+00  0.00000000e+00  1.80000000e+00  1.47000000e+00 
 1.48000000e+00  1.47999999e+00  0.00000000e+00  1.80000000e+00  1.48000000e+00 
 1.49000000e+00  1.48999999e+00  0.00000000e+00  1.80000000e+00  1.49000000e+00 
 1.50000000e+00  1.49999999e+00  0.00000000e+00  1.80000000e+00  1.50000000e+00 
 1.51000000e+00  1.50999999e+00  0.00000000e+00  1.80000000e+00  1.51000000e+00 
 1.52000000e+00  1.51999999e+00  0.00000000e+00  1.80000000e+00  1.52000000e+00 
 1.53000000e+00  1.52999999e+00  0.00000000e+00  1.80000000e+00  1.53000000e+00 
 1.54000000e+00  1.53999999e+00  0.00000000e+00  1.80000000e+00  1.54000000e+00 
 1.55000000e+00  1.54999999e+00  0.00000000e+00  1.80000000e+00  1.55000000e+00 
 1.56000000e+00  1.55999999e+00  0.00000000e+00  1.80000000e+00  1.56000000e+00 
 1.57000000e+00  1.56999999e+00  0.00000000e+00  1.80000000e+00  1.57000000e+00 
 1.58000000e+00  1.57999999e+00  0.00000000e+00  1.80000000e+00  1.58000000e+00 
 1.59000000e+00  1.58999999e+00  0.00000000e+00  1.80000000e+00  1.59000000e+00 
 1.60000000e+00  1.59999999e+00  0.00000000e+00  1.80000000e+00  1.60000000e+00 
 1.61000000e+00  1.60999999e+00  0.00000000e+00  1.80000000e+00  1.61000000e+00 
 1.62000000e+00  1.61999999e+00  0.00000000e+00  1.80000000e+00  1.62000000e+00 
 1.63000000e+00  1.62999999e+00  0.00000000e+00  1.80000000e+00  1.63000000e+00 
 1.64000000e+00  1.63999999e+00  0.00000000e+00  1.80000000e+00  1.64000000e+00 
 1.65000000e+00  1.64999999e+00  0.00000000e+00  1.80000000e+00  1.65000000e+00 
 1.66000000e+00  1.65999999e+00  0.00000000e+00  1.80000000e+00  1.66000000e+00 
 1.67000000e+00  1.66999999e+00  0.00000000e+00  1.80000000e+00  1.67000000e+00 
 1.68000000e+00  1.67999999e+00  0.00000000e+00  1.80000000e+00  1.68000000e+00 
 1.69000000e+00  1.68999999e+00  0.00000000e+00  1.80000000e+00  1.69000000e+00 
 1.70000000e+00  1.69999999e+00  0.00000000e+00  1.80000000e+00  1.70000000e+00 
 1.71000000e+00  1.70999999e+00  0.00000000e+00  1.80000000e+00  1.71000000e+00 
 1.72000000e+00  1.71999998e+00  0.00000000e+00  1.80000000e+00  1.72000000e+00 
 1.73000000e+00  1.72999998e+00  0.00000000e+00  1.80000000e+00  1.73000000e+00 
 1.74000000e+00  1.73999998e+00  0.00000000e+00  1.80000000e+00  1.74000000e+00 
 1.75000000e+00  1.74999997e+00  0.00000000e+00  1.80000000e+00  1.75000000e+00 
 1.76000000e+00  1.75999996e+00  0.00000000e+00  1.80000000e+00  1.76000000e+00 
 1.77000000e+00  1.76999995e+00  0.00000000e+00  1.80000000e+00  1.77000000e+00 
 1.78000000e+00  1.77999994e+00  0.00000000e+00  1.80000000e+00  1.78000000e+00 
 1.79000000e+00  1.78999992e+00  0.00000000e+00  1.80000000e+00  1.79000000e+00 
 1.80000000e+00  1.79999989e+00  0.00000000e+00  1.80000000e+00  1.80000000e+00 
