 v-sweep         v(Y)            v(S)            v(A)            v(B)           
 0.00000000e+00  3.45737151e-09  1.80000000e+00  0.00000000e+00  0.00000000e+00 
 1.00000000e-02  1.00000034e-02  1.80000000e+00  1.00000000e-02  0.00000000e+00 
 2.00000000e-02  2.00000033e-02  1.80000000e+00  2.00000000e-02  0.00000000e+00 
 3.00000000e-02  3.00000033e-02  1.80000000e+00  3.00000000e-02  0.00000000e+00 
 4.00000000e-02  4.00000032e-02  1.80000000e+00  4.00000000e-02  0.00000000e+00 
 5.00000000e-02  5.00000032e-02  1.80000000e+00  5.00000000e-02  0.00000000e+00 
 6.00000000e-02  6.00000031e-02  1.80000000e+00  6.00000000e-02  0.00000000e+00 
 7.00000000e-02  7.00000031e-02  1.80000000e+00  7.00000000e-02  0.00000000e+00 
 8.00000000e-02  8.00000030e-02  1.80000000e+00  8.00000000e-02  0.00000000e+00 
 9.00000000e-02  9.00000030e-02  1.80000000e+00  9.00000000e-02  0.00000000e+00 
 1.00000000e-01  1.00000003e-01  1.80000000e+00  1.00000000e-01  0.00000000e+00 
 1.10000000e-01  1.10000003e-01  1.80000000e+00  1.10000000e-01  0.00000000e+00 
 1.20000000e-01  1.20000003e-01  1.80000000e+00  1.20000000e-01  0.00000000e+00 
 1.30000000e-01  1.30000003e-01  1.80000000e+00  1.30000000e-01  0.00000000e+00 
 1.40000000e-01  1.40000003e-01  1.80000000e+00  1.40000000e-01  0.00000000e+00 
 1.50000000e-01  1.50000003e-01  1.80000000e+00  1.50000000e-01  0.00000000e+00 
 1.60000000e-01  1.60000003e-01  1.80000000e+00  1.60000000e-01  0.00000000e+00 
 1.70000000e-01  1.70000003e-01  1.80000000e+00  1.70000000e-01  0.00000000e+00 
 1.80000000e-01  1.80000003e-01  1.80000000e+00  1.80000000e-01  0.00000000e+00 
 1.90000000e-01  1.90000003e-01  1.80000000e+00  1.90000000e-01  0.00000000e+00 
 2.00000000e-01  2.00000003e-01  1.80000000e+00  2.00000000e-01  0.00000000e+00 
 2.10000000e-01  2.10000003e-01  1.80000000e+00  2.10000000e-01  0.00000000e+00 
 2.20000000e-01  2.20000003e-01  1.80000000e+00  2.20000000e-01  0.00000000e+00 
 2.30000000e-01  2.30000003e-01  1.80000000e+00  2.30000000e-01  0.00000000e+00 
 2.40000000e-01  2.40000002e-01  1.80000000e+00  2.40000000e-01  0.00000000e+00 
 2.50000000e-01  2.50000002e-01  1.80000000e+00  2.50000000e-01  0.00000000e+00 
 2.60000000e-01  2.60000002e-01  1.80000000e+00  2.60000000e-01  0.00000000e+00 
 2.70000000e-01  2.70000002e-01  1.80000000e+00  2.70000000e-01  0.00000000e+00 
 2.80000000e-01  2.80000002e-01  1.80000000e+00  2.80000000e-01  0.00000000e+00 
 2.90000000e-01  2.90000002e-01  1.80000000e+00  2.90000000e-01  0.00000000e+00 
 3.00000000e-01  3.00000002e-01  1.80000000e+00  3.00000000e-01  0.00000000e+00 
 3.10000000e-01  3.10000002e-01  1.80000000e+00  3.10000000e-01  0.00000000e+00 
 3.20000000e-01  3.20000002e-01  1.80000000e+00  3.20000000e-01  0.00000000e+00 
 3.30000000e-01  3.30000002e-01  1.80000000e+00  3.30000000e-01  0.00000000e+00 
 3.40000000e-01  3.40000002e-01  1.80000000e+00  3.40000000e-01  0.00000000e+00 
 3.50000000e-01  3.50000002e-01  1.80000000e+00  3.50000000e-01  0.00000000e+00 
 3.60000000e-01  3.60000002e-01  1.80000000e+00  3.60000000e-01  0.00000000e+00 
 3.70000000e-01  3.70000002e-01  1.80000000e+00  3.70000000e-01  0.00000000e+00 
 3.80000000e-01  3.80000002e-01  1.80000000e+00  3.80000000e-01  0.00000000e+00 
 3.90000000e-01  3.90000002e-01  1.80000000e+00  3.90000000e-01  0.00000000e+00 
 4.00000000e-01  4.00000002e-01  1.80000000e+00  4.00000000e-01  0.00000000e+00 
 4.10000000e-01  4.10000002e-01  1.80000000e+00  4.10000000e-01  0.00000000e+00 
 4.20000000e-01  4.20000002e-01  1.80000000e+00  4.20000000e-01  0.00000000e+00 
 4.30000000e-01  4.30000002e-01  1.80000000e+00  4.30000000e-01  0.00000000e+00 
 4.40000000e-01  4.40000002e-01  1.80000000e+00  4.40000000e-01  0.00000000e+00 
 4.50000000e-01  4.50000002e-01  1.80000000e+00  4.50000000e-01  0.00000000e+00 
 4.60000000e-01  4.60000002e-01  1.80000000e+00  4.60000000e-01  0.00000000e+00 
 4.70000000e-01  4.70000002e-01  1.80000000e+00  4.70000000e-01  0.00000000e+00 
 4.80000000e-01  4.80000002e-01  1.80000000e+00  4.80000000e-01  0.00000000e+00 
 4.90000000e-01  4.90000002e-01  1.80000000e+00  4.90000000e-01  0.00000000e+00 
 5.00000000e-01  5.00000002e-01  1.80000000e+00  5.00000000e-01  0.00000000e+00 
 5.10000000e-01  5.10000002e-01  1.80000000e+00  5.10000000e-01  0.00000000e+00 
 5.20000000e-01  5.20000002e-01  1.80000000e+00  5.20000000e-01  0.00000000e+00 
 5.30000000e-01  5.30000002e-01  1.80000000e+00  5.30000000e-01  0.00000000e+00 
 5.40000000e-01  5.40000002e-01  1.80000000e+00  5.40000000e-01  0.00000000e+00 
 5.50000000e-01  5.50000002e-01  1.80000000e+00  5.50000000e-01  0.00000000e+00 
 5.60000000e-01  5.60000002e-01  1.80000000e+00  5.60000000e-01  0.00000000e+00 
 5.70000000e-01  5.70000002e-01  1.80000000e+00  5.70000000e-01  0.00000000e+00 
 5.80000000e-01  5.80000002e-01  1.80000000e+00  5.80000000e-01  0.00000000e+00 
 5.90000000e-01  5.90000002e-01  1.80000000e+00  5.90000000e-01  0.00000000e+00 
 6.00000000e-01  6.00000002e-01  1.80000000e+00  6.00000000e-01  0.00000000e+00 
 6.10000000e-01  6.10000002e-01  1.80000000e+00  6.10000000e-01  0.00000000e+00 
 6.20000000e-01  6.20000002e-01  1.80000000e+00  6.20000000e-01  0.00000000e+00 
 6.30000000e-01  6.30000002e-01  1.80000000e+00  6.30000000e-01  0.00000000e+00 
 6.40000000e-01  6.40000002e-01  1.80000000e+00  6.40000000e-01  0.00000000e+00 
 6.50000000e-01  6.50000002e-01  1.80000000e+00  6.50000000e-01  0.00000000e+00 
 6.60000000e-01  6.60000002e-01  1.80000000e+00  6.60000000e-01  0.00000000e+00 
 6.70000000e-01  6.70000002e-01  1.80000000e+00  6.70000000e-01  0.00000000e+00 
 6.80000000e-01  6.80000002e-01  1.80000000e+00  6.80000000e-01  0.00000000e+00 
 6.90000000e-01  6.90000002e-01  1.80000000e+00  6.90000000e-01  0.00000000e+00 
 7.00000000e-01  7.00000002e-01  1.80000000e+00  7.00000000e-01  0.00000000e+00 
 7.10000000e-01  7.10000002e-01  1.80000000e+00  7.10000000e-01  0.00000000e+00 
 7.20000000e-01  7.20000002e-01  1.80000000e+00  7.20000000e-01  0.00000000e+00 
 7.30000000e-01  7.30000002e-01  1.80000000e+00  7.30000000e-01  0.00000000e+00 
 7.40000000e-01  7.40000002e-01  1.80000000e+00  7.40000000e-01  0.00000000e+00 
 7.50000000e-01  7.50000002e-01  1.80000000e+00  7.50000000e-01  0.00000000e+00 
 7.60000000e-01  7.60000002e-01  1.80000000e+00  7.60000000e-01  0.00000000e+00 
 7.70000000e-01  7.70000002e-01  1.80000000e+00  7.70000000e-01  0.00000000e+00 
 7.80000000e-01  7.80000002e-01  1.80000000e+00  7.80000000e-01  0.00000000e+00 
 7.90000000e-01  7.90000002e-01  1.80000000e+00  7.90000000e-01  0.00000000e+00 
 8.00000000e-01  8.00000002e-01  1.80000000e+00  8.00000000e-01  0.00000000e+00 
 8.10000000e-01  8.10000002e-01  1.80000000e+00  8.10000000e-01  0.00000000e+00 
 8.20000000e-01  8.20000001e-01  1.80000000e+00  8.20000000e-01  0.00000000e+00 
 8.30000000e-01  8.30000001e-01  1.80000000e+00  8.30000000e-01  0.00000000e+00 
 8.40000000e-01  8.40000001e-01  1.80000000e+00  8.40000000e-01  0.00000000e+00 
 8.50000000e-01  8.50000001e-01  1.80000000e+00  8.50000000e-01  0.00000000e+00 
 8.60000000e-01  8.60000001e-01  1.80000000e+00  8.60000000e-01  0.00000000e+00 
 8.70000000e-01  8.70000000e-01  1.80000000e+00  8.70000000e-01  0.00000000e+00 
 8.80000000e-01  8.80000000e-01  1.80000000e+00  8.80000000e-01  0.00000000e+00 
 8.90000000e-01  8.90000000e-01  1.80000000e+00  8.90000000e-01  0.00000000e+00 
 9.00000000e-01  8.99999999e-01  1.80000000e+00  9.00000000e-01  0.00000000e+00 
 9.10000000e-01  9.09999998e-01  1.80000000e+00  9.10000000e-01  0.00000000e+00 
 9.20000000e-01  9.19999998e-01  1.80000000e+00  9.20000000e-01  0.00000000e+00 
 9.30000000e-01  9.29999997e-01  1.80000000e+00  9.30000000e-01  0.00000000e+00 
 9.40000000e-01  9.39999996e-01  1.80000000e+00  9.40000000e-01  0.00000000e+00 
 9.50000000e-01  9.49999995e-01  1.80000000e+00  9.50000000e-01  0.00000000e+00 
 9.60000000e-01  9.59999995e-01  1.80000000e+00  9.60000000e-01  0.00000000e+00 
 9.70000000e-01  9.69999994e-01  1.80000000e+00  9.70000000e-01  0.00000000e+00 
 9.80000000e-01  9.79999993e-01  1.80000000e+00  9.80000000e-01  0.00000000e+00 
 9.90000000e-01  9.89999992e-01  1.80000000e+00  9.90000000e-01  0.00000000e+00 
 1.00000000e+00  9.99999992e-01  1.80000000e+00  1.00000000e+00  0.00000000e+00 
 1.01000000e+00  1.00999999e+00  1.80000000e+00  1.01000000e+00  0.00000000e+00 
 1.02000000e+00  1.01999999e+00  1.80000000e+00  1.02000000e+00  0.00000000e+00 
 1.03000000e+00  1.02999999e+00  1.80000000e+00  1.03000000e+00  0.00000000e+00 
 1.04000000e+00  1.03999999e+00  1.80000000e+00  1.04000000e+00  0.00000000e+00 
 1.05000000e+00  1.04999999e+00  1.80000000e+00  1.05000000e+00  0.00000000e+00 
 1.06000000e+00  1.05999999e+00  1.80000000e+00  1.06000000e+00  0.00000000e+00 
 1.07000000e+00  1.06999999e+00  1.80000000e+00  1.07000000e+00  0.00000000e+00 
 1.08000000e+00  1.07999999e+00  1.80000000e+00  1.08000000e+00  0.00000000e+00 
 1.09000000e+00  1.08999999e+00  1.80000000e+00  1.09000000e+00  0.00000000e+00 
 1.10000000e+00  1.09999999e+00  1.80000000e+00  1.10000000e+00  0.00000000e+00 
 1.11000000e+00  1.10999999e+00  1.80000000e+00  1.11000000e+00  0.00000000e+00 
 1.12000000e+00  1.11999999e+00  1.80000000e+00  1.12000000e+00  0.00000000e+00 
 1.13000000e+00  1.12999999e+00  1.80000000e+00  1.13000000e+00  0.00000000e+00 
 1.14000000e+00  1.13999999e+00  1.80000000e+00  1.14000000e+00  0.00000000e+00 
 1.15000000e+00  1.14999999e+00  1.80000000e+00  1.15000000e+00  0.00000000e+00 
 1.16000000e+00  1.15999999e+00  1.80000000e+00  1.16000000e+00  0.00000000e+00 
 1.17000000e+00  1.16999999e+00  1.80000000e+00  1.17000000e+00  0.00000000e+00 
 1.18000000e+00  1.17999999e+00  1.80000000e+00  1.18000000e+00  0.00000000e+00 
 1.19000000e+00  1.18999999e+00  1.80000000e+00  1.19000000e+00  0.00000000e+00 
 1.20000000e+00  1.19999999e+00  1.80000000e+00  1.20000000e+00  0.00000000e+00 
 1.21000000e+00  1.20999999e+00  1.80000000e+00  1.21000000e+00  0.00000000e+00 
 1.22000000e+00  1.21999999e+00  1.80000000e+00  1.22000000e+00  0.00000000e+00 
 1.23000000e+00  1.22999999e+00  1.80000000e+00  1.23000000e+00  0.00000000e+00 
 1.24000000e+00  1.23999999e+00  1.80000000e+00  1.24000000e+00  0.00000000e+00 
 1.25000000e+00  1.24999999e+00  1.80000000e+00  1.25000000e+00  0.00000000e+00 
 1.26000000e+00  1.25999999e+00  1.80000000e+00  1.26000000e+00  0.00000000e+00 
 1.27000000e+00  1.26999999e+00  1.80000000e+00  1.27000000e+00  0.00000000e+00 
 1.28000000e+00  1.27999999e+00  1.80000000e+00  1.28000000e+00  0.00000000e+00 
 1.29000000e+00  1.28999999e+00  1.80000000e+00  1.29000000e+00  0.00000000e+00 
 1.30000000e+00  1.29999999e+00  1.80000000e+00  1.30000000e+00  0.00000000e+00 
 1.31000000e+00  1.30999999e+00  1.80000000e+00  1.31000000e+00  0.00000000e+00 
 1.32000000e+00  1.31999999e+00  1.80000000e+00  1.32000000e+00  0.00000000e+00 
 1.33000000e+00  1.32999999e+00  1.80000000e+00  1.33000000e+00  0.00000000e+00 
 1.34000000e+00  1.33999999e+00  1.80000000e+00  1.34000000e+00  0.00000000e+00 
 1.35000000e+00  1.34999999e+00  1.80000000e+00  1.35000000e+00  0.00000000e+00 
 1.36000000e+00  1.35999999e+00  1.80000000e+00  1.36000000e+00  0.00000000e+00 
 1.37000000e+00  1.36999999e+00  1.80000000e+00  1.37000000e+00  0.00000000e+00 
 1.38000000e+00  1.37999999e+00  1.80000000e+00  1.38000000e+00  0.00000000e+00 
 1.39000000e+00  1.38999999e+00  1.80000000e+00  1.39000000e+00  0.00000000e+00 
 1.40000000e+00  1.39999999e+00  1.80000000e+00  1.40000000e+00  0.00000000e+00 
 1.41000000e+00  1.40999999e+00  1.80000000e+00  1.41000000e+00  0.00000000e+00 
 1.42000000e+00  1.41999999e+00  1.80000000e+00  1.42000000e+00  0.00000000e+00 
 1.43000000e+00  1.42999999e+00  1.80000000e+00  1.43000000e+00  0.00000000e+00 
 1.44000000e+00  1.43999999e+00  1.80000000e+00  1.44000000e+00  0.00000000e+00 
 1.45000000e+00  1.44999999e+00  1.80000000e+00  1.45000000e+00  0.00000000e+00 
 1.46000000e+00  1.45999999e+00  1.80000000e+00  1.46000000e+00  0.00000000e+00 
 1.47000000e+00  1.46999999e+00  1.80000000e+00  1.47000000e+00  0.00000000e+00 
 1.48000000e+00  1.47999999e+00  1.80000000e+00  1.48000000e+00  0.00000000e+00 
 1.49000000e+00  1.48999999e+00  1.80000000e+00  1.49000000e+00  0.00000000e+00 
 1.50000000e+00  1.49999999e+00  1.80000000e+00  1.50000000e+00  0.00000000e+00 
 1.51000000e+00  1.50999999e+00  1.80000000e+00  1.51000000e+00  0.00000000e+00 
 1.52000000e+00  1.51999999e+00  1.80000000e+00  1.52000000e+00  0.00000000e+00 
 1.53000000e+00  1.52999999e+00  1.80000000e+00  1.53000000e+00  0.00000000e+00 
 1.54000000e+00  1.53999999e+00  1.80000000e+00  1.54000000e+00  0.00000000e+00 
 1.55000000e+00  1.54999999e+00  1.80000000e+00  1.55000000e+00  0.00000000e+00 
 1.56000000e+00  1.55999999e+00  1.80000000e+00  1.56000000e+00  0.00000000e+00 
 1.57000000e+00  1.56999999e+00  1.80000000e+00  1.57000000e+00  0.00000000e+00 
 1.58000000e+00  1.57999999e+00  1.80000000e+00  1.58000000e+00  0.00000000e+00 
 1.59000000e+00  1.58999999e+00  1.80000000e+00  1.59000000e+00  0.00000000e+00 
 1.60000000e+00  1.59999999e+00  1.80000000e+00  1.60000000e+00  0.00000000e+00 
 1.61000000e+00  1.60999999e+00  1.80000000e+00  1.61000000e+00  0.00000000e+00 
 1.62000000e+00  1.61999998e+00  1.80000000e+00  1.62000000e+00  0.00000000e+00 
 1.63000000e+00  1.62999998e+00  1.80000000e+00  1.63000000e+00  0.00000000e+00 
 1.64000000e+00  1.63999998e+00  1.80000000e+00  1.64000000e+00  0.00000000e+00 
 1.65000000e+00  1.64999997e+00  1.80000000e+00  1.65000000e+00  0.00000000e+00 
 1.66000000e+00  1.65999997e+00  1.80000000e+00  1.66000000e+00  0.00000000e+00 
 1.67000000e+00  1.66999996e+00  1.80000000e+00  1.67000000e+00  0.00000000e+00 
 1.68000000e+00  1.67999995e+00  1.80000000e+00  1.68000000e+00  0.00000000e+00 
 1.69000000e+00  1.68999993e+00  1.80000000e+00  1.69000000e+00  0.00000000e+00 
 1.70000000e+00  1.69999991e+00  1.80000000e+00  1.70000000e+00  0.00000000e+00 
 1.71000000e+00  1.70999988e+00  1.80000000e+00  1.71000000e+00  0.00000000e+00 
 1.72000000e+00  1.71999984e+00  1.80000000e+00  1.72000000e+00  0.00000000e+00 
 1.73000000e+00  1.72999979e+00  1.80000000e+00  1.73000000e+00  0.00000000e+00 
 1.74000000e+00  1.73999973e+00  1.80000000e+00  1.74000000e+00  0.00000000e+00 
 1.75000000e+00  1.74999964e+00  1.80000000e+00  1.75000000e+00  0.00000000e+00 
 1.76000000e+00  1.75999953e+00  1.80000000e+00  1.76000000e+00  0.00000000e+00 
 1.77000000e+00  1.76999939e+00  1.80000000e+00  1.77000000e+00  0.00000000e+00 
 1.78000000e+00  1.77999921e+00  1.80000000e+00  1.78000000e+00  0.00000000e+00 
 1.79000000e+00  1.78999899e+00  1.80000000e+00  1.79000000e+00  0.00000000e+00 
 1.80000000e+00  1.79999871e+00  1.80000000e+00  1.80000000e+00  0.00000000e+00 
 0.00000000e+00  3.48525837e-09  1.80000000e+00  0.00000000e+00  4.50000000e-01 
 1.00000000e-02  1.00000034e-02  1.80000000e+00  1.00000000e-02  4.50000000e-01 
 2.00000000e-02  2.00000033e-02  1.80000000e+00  2.00000000e-02  4.50000000e-01 
 3.00000000e-02  3.00000033e-02  1.80000000e+00  3.00000000e-02  4.50000000e-01 
 4.00000000e-02  4.00000032e-02  1.80000000e+00  4.00000000e-02  4.50000000e-01 
 5.00000000e-02  5.00000032e-02  1.80000000e+00  5.00000000e-02  4.50000000e-01 
 6.00000000e-02  6.00000031e-02  1.80000000e+00  6.00000000e-02  4.50000000e-01 
 7.00000000e-02  7.00000031e-02  1.80000000e+00  7.00000000e-02  4.50000000e-01 
 8.00000000e-02  8.00000030e-02  1.80000000e+00  8.00000000e-02  4.50000000e-01 
 9.00000000e-02  9.00000030e-02  1.80000000e+00  9.00000000e-02  4.50000000e-01 
 1.00000000e-01  1.00000003e-01  1.80000000e+00  1.00000000e-01  4.50000000e-01 
 1.10000000e-01  1.10000003e-01  1.80000000e+00  1.10000000e-01  4.50000000e-01 
 1.20000000e-01  1.20000003e-01  1.80000000e+00  1.20000000e-01  4.50000000e-01 
 1.30000000e-01  1.30000003e-01  1.80000000e+00  1.30000000e-01  4.50000000e-01 
 1.40000000e-01  1.40000003e-01  1.80000000e+00  1.40000000e-01  4.50000000e-01 
 1.50000000e-01  1.50000003e-01  1.80000000e+00  1.50000000e-01  4.50000000e-01 
 1.60000000e-01  1.60000003e-01  1.80000000e+00  1.60000000e-01  4.50000000e-01 
 1.70000000e-01  1.70000003e-01  1.80000000e+00  1.70000000e-01  4.50000000e-01 
 1.80000000e-01  1.80000003e-01  1.80000000e+00  1.80000000e-01  4.50000000e-01 
 1.90000000e-01  1.90000003e-01  1.80000000e+00  1.90000000e-01  4.50000000e-01 
 2.00000000e-01  2.00000003e-01  1.80000000e+00  2.00000000e-01  4.50000000e-01 
 2.10000000e-01  2.10000003e-01  1.80000000e+00  2.10000000e-01  4.50000000e-01 
 2.20000000e-01  2.20000003e-01  1.80000000e+00  2.20000000e-01  4.50000000e-01 
 2.30000000e-01  2.30000003e-01  1.80000000e+00  2.30000000e-01  4.50000000e-01 
 2.40000000e-01  2.40000003e-01  1.80000000e+00  2.40000000e-01  4.50000000e-01 
 2.50000000e-01  2.50000002e-01  1.80000000e+00  2.50000000e-01  4.50000000e-01 
 2.60000000e-01  2.60000002e-01  1.80000000e+00  2.60000000e-01  4.50000000e-01 
 2.70000000e-01  2.70000002e-01  1.80000000e+00  2.70000000e-01  4.50000000e-01 
 2.80000000e-01  2.80000002e-01  1.80000000e+00  2.80000000e-01  4.50000000e-01 
 2.90000000e-01  2.90000002e-01  1.80000000e+00  2.90000000e-01  4.50000000e-01 
 3.00000000e-01  3.00000002e-01  1.80000000e+00  3.00000000e-01  4.50000000e-01 
 3.10000000e-01  3.10000002e-01  1.80000000e+00  3.10000000e-01  4.50000000e-01 
 3.20000000e-01  3.20000002e-01  1.80000000e+00  3.20000000e-01  4.50000000e-01 
 3.30000000e-01  3.30000002e-01  1.80000000e+00  3.30000000e-01  4.50000000e-01 
 3.40000000e-01  3.40000002e-01  1.80000000e+00  3.40000000e-01  4.50000000e-01 
 3.50000000e-01  3.50000002e-01  1.80000000e+00  3.50000000e-01  4.50000000e-01 
 3.60000000e-01  3.60000002e-01  1.80000000e+00  3.60000000e-01  4.50000000e-01 
 3.70000000e-01  3.70000002e-01  1.80000000e+00  3.70000000e-01  4.50000000e-01 
 3.80000000e-01  3.80000002e-01  1.80000000e+00  3.80000000e-01  4.50000000e-01 
 3.90000000e-01  3.90000002e-01  1.80000000e+00  3.90000000e-01  4.50000000e-01 
 4.00000000e-01  4.00000002e-01  1.80000000e+00  4.00000000e-01  4.50000000e-01 
 4.10000000e-01  4.10000002e-01  1.80000000e+00  4.10000000e-01  4.50000000e-01 
 4.20000000e-01  4.20000002e-01  1.80000000e+00  4.20000000e-01  4.50000000e-01 
 4.30000000e-01  4.30000002e-01  1.80000000e+00  4.30000000e-01  4.50000000e-01 
 4.40000000e-01  4.40000002e-01  1.80000000e+00  4.40000000e-01  4.50000000e-01 
 4.50000000e-01  4.50000002e-01  1.80000000e+00  4.50000000e-01  4.50000000e-01 
 4.60000000e-01  4.60000002e-01  1.80000000e+00  4.60000000e-01  4.50000000e-01 
 4.70000000e-01  4.70000002e-01  1.80000000e+00  4.70000000e-01  4.50000000e-01 
 4.80000000e-01  4.80000002e-01  1.80000000e+00  4.80000000e-01  4.50000000e-01 
 4.90000000e-01  4.90000002e-01  1.80000000e+00  4.90000000e-01  4.50000000e-01 
 5.00000000e-01  5.00000002e-01  1.80000000e+00  5.00000000e-01  4.50000000e-01 
 5.10000000e-01  5.10000002e-01  1.80000000e+00  5.10000000e-01  4.50000000e-01 
 5.20000000e-01  5.20000002e-01  1.80000000e+00  5.20000000e-01  4.50000000e-01 
 5.30000000e-01  5.30000002e-01  1.80000000e+00  5.30000000e-01  4.50000000e-01 
 5.40000000e-01  5.40000002e-01  1.80000000e+00  5.40000000e-01  4.50000000e-01 
 5.50000000e-01  5.50000002e-01  1.80000000e+00  5.50000000e-01  4.50000000e-01 
 5.60000000e-01  5.60000002e-01  1.80000000e+00  5.60000000e-01  4.50000000e-01 
 5.70000000e-01  5.70000002e-01  1.80000000e+00  5.70000000e-01  4.50000000e-01 
 5.80000000e-01  5.80000002e-01  1.80000000e+00  5.80000000e-01  4.50000000e-01 
 5.90000000e-01  5.90000002e-01  1.80000000e+00  5.90000000e-01  4.50000000e-01 
 6.00000000e-01  6.00000002e-01  1.80000000e+00  6.00000000e-01  4.50000000e-01 
 6.10000000e-01  6.10000002e-01  1.80000000e+00  6.10000000e-01  4.50000000e-01 
 6.20000000e-01  6.20000002e-01  1.80000000e+00  6.20000000e-01  4.50000000e-01 
 6.30000000e-01  6.30000002e-01  1.80000000e+00  6.30000000e-01  4.50000000e-01 
 6.40000000e-01  6.40000002e-01  1.80000000e+00  6.40000000e-01  4.50000000e-01 
 6.50000000e-01  6.50000002e-01  1.80000000e+00  6.50000000e-01  4.50000000e-01 
 6.60000000e-01  6.60000002e-01  1.80000000e+00  6.60000000e-01  4.50000000e-01 
 6.70000000e-01  6.70000002e-01  1.80000000e+00  6.70000000e-01  4.50000000e-01 
 6.80000000e-01  6.80000002e-01  1.80000000e+00  6.80000000e-01  4.50000000e-01 
 6.90000000e-01  6.90000002e-01  1.80000000e+00  6.90000000e-01  4.50000000e-01 
 7.00000000e-01  7.00000002e-01  1.80000000e+00  7.00000000e-01  4.50000000e-01 
 7.10000000e-01  7.10000002e-01  1.80000000e+00  7.10000000e-01  4.50000000e-01 
 7.20000000e-01  7.20000002e-01  1.80000000e+00  7.20000000e-01  4.50000000e-01 
 7.30000000e-01  7.30000002e-01  1.80000000e+00  7.30000000e-01  4.50000000e-01 
 7.40000000e-01  7.40000002e-01  1.80000000e+00  7.40000000e-01  4.50000000e-01 
 7.50000000e-01  7.50000002e-01  1.80000000e+00  7.50000000e-01  4.50000000e-01 
 7.60000000e-01  7.60000002e-01  1.80000000e+00  7.60000000e-01  4.50000000e-01 
 7.70000000e-01  7.70000002e-01  1.80000000e+00  7.70000000e-01  4.50000000e-01 
 7.80000000e-01  7.80000002e-01  1.80000000e+00  7.80000000e-01  4.50000000e-01 
 7.90000000e-01  7.90000002e-01  1.80000000e+00  7.90000000e-01  4.50000000e-01 
 8.00000000e-01  8.00000002e-01  1.80000000e+00  8.00000000e-01  4.50000000e-01 
 8.10000000e-01  8.10000002e-01  1.80000000e+00  8.10000000e-01  4.50000000e-01 
 8.20000000e-01  8.20000002e-01  1.80000000e+00  8.20000000e-01  4.50000000e-01 
 8.30000000e-01  8.30000002e-01  1.80000000e+00  8.30000000e-01  4.50000000e-01 
 8.40000000e-01  8.40000002e-01  1.80000000e+00  8.40000000e-01  4.50000000e-01 
 8.50000000e-01  8.50000001e-01  1.80000000e+00  8.50000000e-01  4.50000000e-01 
 8.60000000e-01  8.60000001e-01  1.80000000e+00  8.60000000e-01  4.50000000e-01 
 8.70000000e-01  8.70000001e-01  1.80000000e+00  8.70000000e-01  4.50000000e-01 
 8.80000000e-01  8.80000001e-01  1.80000000e+00  8.80000000e-01  4.50000000e-01 
 8.90000000e-01  8.90000000e-01  1.80000000e+00  8.90000000e-01  4.50000000e-01 
 9.00000000e-01  9.00000000e-01  1.80000000e+00  9.00000000e-01  4.50000000e-01 
 9.10000000e-01  9.09999999e-01  1.80000000e+00  9.10000000e-01  4.50000000e-01 
 9.20000000e-01  9.19999999e-01  1.80000000e+00  9.20000000e-01  4.50000000e-01 
 9.30000000e-01  9.29999998e-01  1.80000000e+00  9.30000000e-01  4.50000000e-01 
 9.40000000e-01  9.39999998e-01  1.80000000e+00  9.40000000e-01  4.50000000e-01 
 9.50000000e-01  9.49999997e-01  1.80000000e+00  9.50000000e-01  4.50000000e-01 
 9.60000000e-01  9.59999996e-01  1.80000000e+00  9.60000000e-01  4.50000000e-01 
 9.70000000e-01  9.69999995e-01  1.80000000e+00  9.70000000e-01  4.50000000e-01 
 9.80000000e-01  9.79999994e-01  1.80000000e+00  9.80000000e-01  4.50000000e-01 
 9.90000000e-01  9.89999994e-01  1.80000000e+00  9.90000000e-01  4.50000000e-01 
 1.00000000e+00  9.99999993e-01  1.80000000e+00  1.00000000e+00  4.50000000e-01 
 1.01000000e+00  1.00999999e+00  1.80000000e+00  1.01000000e+00  4.50000000e-01 
 1.02000000e+00  1.01999999e+00  1.80000000e+00  1.02000000e+00  4.50000000e-01 
 1.03000000e+00  1.02999999e+00  1.80000000e+00  1.03000000e+00  4.50000000e-01 
 1.04000000e+00  1.03999999e+00  1.80000000e+00  1.04000000e+00  4.50000000e-01 
 1.05000000e+00  1.04999999e+00  1.80000000e+00  1.05000000e+00  4.50000000e-01 
 1.06000000e+00  1.05999999e+00  1.80000000e+00  1.06000000e+00  4.50000000e-01 
 1.07000000e+00  1.06999999e+00  1.80000000e+00  1.07000000e+00  4.50000000e-01 
 1.08000000e+00  1.07999999e+00  1.80000000e+00  1.08000000e+00  4.50000000e-01 
 1.09000000e+00  1.08999999e+00  1.80000000e+00  1.09000000e+00  4.50000000e-01 
 1.10000000e+00  1.09999999e+00  1.80000000e+00  1.10000000e+00  4.50000000e-01 
 1.11000000e+00  1.10999999e+00  1.80000000e+00  1.11000000e+00  4.50000000e-01 
 1.12000000e+00  1.11999999e+00  1.80000000e+00  1.12000000e+00  4.50000000e-01 
 1.13000000e+00  1.12999999e+00  1.80000000e+00  1.13000000e+00  4.50000000e-01 
 1.14000000e+00  1.13999999e+00  1.80000000e+00  1.14000000e+00  4.50000000e-01 
 1.15000000e+00  1.14999999e+00  1.80000000e+00  1.15000000e+00  4.50000000e-01 
 1.16000000e+00  1.15999999e+00  1.80000000e+00  1.16000000e+00  4.50000000e-01 
 1.17000000e+00  1.16999999e+00  1.80000000e+00  1.17000000e+00  4.50000000e-01 
 1.18000000e+00  1.17999999e+00  1.80000000e+00  1.18000000e+00  4.50000000e-01 
 1.19000000e+00  1.18999999e+00  1.80000000e+00  1.19000000e+00  4.50000000e-01 
 1.20000000e+00  1.19999999e+00  1.80000000e+00  1.20000000e+00  4.50000000e-01 
 1.21000000e+00  1.20999999e+00  1.80000000e+00  1.21000000e+00  4.50000000e-01 
 1.22000000e+00  1.21999999e+00  1.80000000e+00  1.22000000e+00  4.50000000e-01 
 1.23000000e+00  1.22999999e+00  1.80000000e+00  1.23000000e+00  4.50000000e-01 
 1.24000000e+00  1.23999999e+00  1.80000000e+00  1.24000000e+00  4.50000000e-01 
 1.25000000e+00  1.24999999e+00  1.80000000e+00  1.25000000e+00  4.50000000e-01 
 1.26000000e+00  1.25999999e+00  1.80000000e+00  1.26000000e+00  4.50000000e-01 
 1.27000000e+00  1.26999999e+00  1.80000000e+00  1.27000000e+00  4.50000000e-01 
 1.28000000e+00  1.27999999e+00  1.80000000e+00  1.28000000e+00  4.50000000e-01 
 1.29000000e+00  1.28999999e+00  1.80000000e+00  1.29000000e+00  4.50000000e-01 
 1.30000000e+00  1.29999999e+00  1.80000000e+00  1.30000000e+00  4.50000000e-01 
 1.31000000e+00  1.30999999e+00  1.80000000e+00  1.31000000e+00  4.50000000e-01 
 1.32000000e+00  1.31999999e+00  1.80000000e+00  1.32000000e+00  4.50000000e-01 
 1.33000000e+00  1.32999999e+00  1.80000000e+00  1.33000000e+00  4.50000000e-01 
 1.34000000e+00  1.33999999e+00  1.80000000e+00  1.34000000e+00  4.50000000e-01 
 1.35000000e+00  1.34999999e+00  1.80000000e+00  1.35000000e+00  4.50000000e-01 
 1.36000000e+00  1.35999999e+00  1.80000000e+00  1.36000000e+00  4.50000000e-01 
 1.37000000e+00  1.36999999e+00  1.80000000e+00  1.37000000e+00  4.50000000e-01 
 1.38000000e+00  1.37999999e+00  1.80000000e+00  1.38000000e+00  4.50000000e-01 
 1.39000000e+00  1.38999999e+00  1.80000000e+00  1.39000000e+00  4.50000000e-01 
 1.40000000e+00  1.39999999e+00  1.80000000e+00  1.40000000e+00  4.50000000e-01 
 1.41000000e+00  1.40999999e+00  1.80000000e+00  1.41000000e+00  4.50000000e-01 
 1.42000000e+00  1.41999999e+00  1.80000000e+00  1.42000000e+00  4.50000000e-01 
 1.43000000e+00  1.42999999e+00  1.80000000e+00  1.43000000e+00  4.50000000e-01 
 1.44000000e+00  1.43999999e+00  1.80000000e+00  1.44000000e+00  4.50000000e-01 
 1.45000000e+00  1.44999999e+00  1.80000000e+00  1.45000000e+00  4.50000000e-01 
 1.46000000e+00  1.45999999e+00  1.80000000e+00  1.46000000e+00  4.50000000e-01 
 1.47000000e+00  1.46999999e+00  1.80000000e+00  1.47000000e+00  4.50000000e-01 
 1.48000000e+00  1.47999999e+00  1.80000000e+00  1.48000000e+00  4.50000000e-01 
 1.49000000e+00  1.48999999e+00  1.80000000e+00  1.49000000e+00  4.50000000e-01 
 1.50000000e+00  1.49999999e+00  1.80000000e+00  1.50000000e+00  4.50000000e-01 
 1.51000000e+00  1.50999999e+00  1.80000000e+00  1.51000000e+00  4.50000000e-01 
 1.52000000e+00  1.51999999e+00  1.80000000e+00  1.52000000e+00  4.50000000e-01 
 1.53000000e+00  1.52999999e+00  1.80000000e+00  1.53000000e+00  4.50000000e-01 
 1.54000000e+00  1.53999999e+00  1.80000000e+00  1.54000000e+00  4.50000000e-01 
 1.55000000e+00  1.54999999e+00  1.80000000e+00  1.55000000e+00  4.50000000e-01 
 1.56000000e+00  1.55999999e+00  1.80000000e+00  1.56000000e+00  4.50000000e-01 
 1.57000000e+00  1.56999999e+00  1.80000000e+00  1.57000000e+00  4.50000000e-01 
 1.58000000e+00  1.57999999e+00  1.80000000e+00  1.58000000e+00  4.50000000e-01 
 1.59000000e+00  1.58999999e+00  1.80000000e+00  1.59000000e+00  4.50000000e-01 
 1.60000000e+00  1.59999999e+00  1.80000000e+00  1.60000000e+00  4.50000000e-01 
 1.61000000e+00  1.60999999e+00  1.80000000e+00  1.61000000e+00  4.50000000e-01 
 1.62000000e+00  1.61999999e+00  1.80000000e+00  1.62000000e+00  4.50000000e-01 
 1.63000000e+00  1.62999999e+00  1.80000000e+00  1.63000000e+00  4.50000000e-01 
 1.64000000e+00  1.63999999e+00  1.80000000e+00  1.64000000e+00  4.50000000e-01 
 1.65000000e+00  1.64999999e+00  1.80000000e+00  1.65000000e+00  4.50000000e-01 
 1.66000000e+00  1.65999998e+00  1.80000000e+00  1.66000000e+00  4.50000000e-01 
 1.67000000e+00  1.66999998e+00  1.80000000e+00  1.67000000e+00  4.50000000e-01 
 1.68000000e+00  1.67999998e+00  1.80000000e+00  1.68000000e+00  4.50000000e-01 
 1.69000000e+00  1.68999997e+00  1.80000000e+00  1.69000000e+00  4.50000000e-01 
 1.70000000e+00  1.69999997e+00  1.80000000e+00  1.70000000e+00  4.50000000e-01 
 1.71000000e+00  1.70999996e+00  1.80000000e+00  1.71000000e+00  4.50000000e-01 
 1.72000000e+00  1.71999995e+00  1.80000000e+00  1.72000000e+00  4.50000000e-01 
 1.73000000e+00  1.72999993e+00  1.80000000e+00  1.73000000e+00  4.50000000e-01 
 1.74000000e+00  1.73999991e+00  1.80000000e+00  1.74000000e+00  4.50000000e-01 
 1.75000000e+00  1.74999988e+00  1.80000000e+00  1.75000000e+00  4.50000000e-01 
 1.76000000e+00  1.75999984e+00  1.80000000e+00  1.76000000e+00  4.50000000e-01 
 1.77000000e+00  1.76999979e+00  1.80000000e+00  1.77000000e+00  4.50000000e-01 
 1.78000000e+00  1.77999972e+00  1.80000000e+00  1.78000000e+00  4.50000000e-01 
 1.79000000e+00  1.78999963e+00  1.80000000e+00  1.79000000e+00  4.50000000e-01 
 1.80000000e+00  1.79999952e+00  1.80000000e+00  1.80000000e+00  4.50000000e-01 
 0.00000000e+00  3.51173383e-09  1.80000000e+00  0.00000000e+00  9.00000000e-01 
 1.00000000e-02  1.00000034e-02  1.80000000e+00  1.00000000e-02  9.00000000e-01 
 2.00000000e-02  2.00000034e-02  1.80000000e+00  2.00000000e-02  9.00000000e-01 
 3.00000000e-02  3.00000033e-02  1.80000000e+00  3.00000000e-02  9.00000000e-01 
 4.00000000e-02  4.00000032e-02  1.80000000e+00  4.00000000e-02  9.00000000e-01 
 5.00000000e-02  5.00000032e-02  1.80000000e+00  5.00000000e-02  9.00000000e-01 
 6.00000000e-02  6.00000031e-02  1.80000000e+00  6.00000000e-02  9.00000000e-01 
 7.00000000e-02  7.00000031e-02  1.80000000e+00  7.00000000e-02  9.00000000e-01 
 8.00000000e-02  8.00000030e-02  1.80000000e+00  8.00000000e-02  9.00000000e-01 
 9.00000000e-02  9.00000030e-02  1.80000000e+00  9.00000000e-02  9.00000000e-01 
 1.00000000e-01  1.00000003e-01  1.80000000e+00  1.00000000e-01  9.00000000e-01 
 1.10000000e-01  1.10000003e-01  1.80000000e+00  1.10000000e-01  9.00000000e-01 
 1.20000000e-01  1.20000003e-01  1.80000000e+00  1.20000000e-01  9.00000000e-01 
 1.30000000e-01  1.30000003e-01  1.80000000e+00  1.30000000e-01  9.00000000e-01 
 1.40000000e-01  1.40000003e-01  1.80000000e+00  1.40000000e-01  9.00000000e-01 
 1.50000000e-01  1.50000003e-01  1.80000000e+00  1.50000000e-01  9.00000000e-01 
 1.60000000e-01  1.60000003e-01  1.80000000e+00  1.60000000e-01  9.00000000e-01 
 1.70000000e-01  1.70000003e-01  1.80000000e+00  1.70000000e-01  9.00000000e-01 
 1.80000000e-01  1.80000003e-01  1.80000000e+00  1.80000000e-01  9.00000000e-01 
 1.90000000e-01  1.90000003e-01  1.80000000e+00  1.90000000e-01  9.00000000e-01 
 2.00000000e-01  2.00000003e-01  1.80000000e+00  2.00000000e-01  9.00000000e-01 
 2.10000000e-01  2.10000003e-01  1.80000000e+00  2.10000000e-01  9.00000000e-01 
 2.20000000e-01  2.20000003e-01  1.80000000e+00  2.20000000e-01  9.00000000e-01 
 2.30000000e-01  2.30000003e-01  1.80000000e+00  2.30000000e-01  9.00000000e-01 
 2.40000000e-01  2.40000003e-01  1.80000000e+00  2.40000000e-01  9.00000000e-01 
 2.50000000e-01  2.50000002e-01  1.80000000e+00  2.50000000e-01  9.00000000e-01 
 2.60000000e-01  2.60000002e-01  1.80000000e+00  2.60000000e-01  9.00000000e-01 
 2.70000000e-01  2.70000002e-01  1.80000000e+00  2.70000000e-01  9.00000000e-01 
 2.80000000e-01  2.80000002e-01  1.80000000e+00  2.80000000e-01  9.00000000e-01 
 2.90000000e-01  2.90000002e-01  1.80000000e+00  2.90000000e-01  9.00000000e-01 
 3.00000000e-01  3.00000002e-01  1.80000000e+00  3.00000000e-01  9.00000000e-01 
 3.10000000e-01  3.10000002e-01  1.80000000e+00  3.10000000e-01  9.00000000e-01 
 3.20000000e-01  3.20000002e-01  1.80000000e+00  3.20000000e-01  9.00000000e-01 
 3.30000000e-01  3.30000002e-01  1.80000000e+00  3.30000000e-01  9.00000000e-01 
 3.40000000e-01  3.40000002e-01  1.80000000e+00  3.40000000e-01  9.00000000e-01 
 3.50000000e-01  3.50000002e-01  1.80000000e+00  3.50000000e-01  9.00000000e-01 
 3.60000000e-01  3.60000002e-01  1.80000000e+00  3.60000000e-01  9.00000000e-01 
 3.70000000e-01  3.70000002e-01  1.80000000e+00  3.70000000e-01  9.00000000e-01 
 3.80000000e-01  3.80000002e-01  1.80000000e+00  3.80000000e-01  9.00000000e-01 
 3.90000000e-01  3.90000002e-01  1.80000000e+00  3.90000000e-01  9.00000000e-01 
 4.00000000e-01  4.00000002e-01  1.80000000e+00  4.00000000e-01  9.00000000e-01 
 4.10000000e-01  4.10000002e-01  1.80000000e+00  4.10000000e-01  9.00000000e-01 
 4.20000000e-01  4.20000002e-01  1.80000000e+00  4.20000000e-01  9.00000000e-01 
 4.30000000e-01  4.30000002e-01  1.80000000e+00  4.30000000e-01  9.00000000e-01 
 4.40000000e-01  4.40000002e-01  1.80000000e+00  4.40000000e-01  9.00000000e-01 
 4.50000000e-01  4.50000002e-01  1.80000000e+00  4.50000000e-01  9.00000000e-01 
 4.60000000e-01  4.60000002e-01  1.80000000e+00  4.60000000e-01  9.00000000e-01 
 4.70000000e-01  4.70000002e-01  1.80000000e+00  4.70000000e-01  9.00000000e-01 
 4.80000000e-01  4.80000002e-01  1.80000000e+00  4.80000000e-01  9.00000000e-01 
 4.90000000e-01  4.90000002e-01  1.80000000e+00  4.90000000e-01  9.00000000e-01 
 5.00000000e-01  5.00000002e-01  1.80000000e+00  5.00000000e-01  9.00000000e-01 
 5.10000000e-01  5.10000002e-01  1.80000000e+00  5.10000000e-01  9.00000000e-01 
 5.20000000e-01  5.20000002e-01  1.80000000e+00  5.20000000e-01  9.00000000e-01 
 5.30000000e-01  5.30000002e-01  1.80000000e+00  5.30000000e-01  9.00000000e-01 
 5.40000000e-01  5.40000002e-01  1.80000000e+00  5.40000000e-01  9.00000000e-01 
 5.50000000e-01  5.50000002e-01  1.80000000e+00  5.50000000e-01  9.00000000e-01 
 5.60000000e-01  5.60000002e-01  1.80000000e+00  5.60000000e-01  9.00000000e-01 
 5.70000000e-01  5.70000002e-01  1.80000000e+00  5.70000000e-01  9.00000000e-01 
 5.80000000e-01  5.80000002e-01  1.80000000e+00  5.80000000e-01  9.00000000e-01 
 5.90000000e-01  5.90000002e-01  1.80000000e+00  5.90000000e-01  9.00000000e-01 
 6.00000000e-01  6.00000002e-01  1.80000000e+00  6.00000000e-01  9.00000000e-01 
 6.10000000e-01  6.10000002e-01  1.80000000e+00  6.10000000e-01  9.00000000e-01 
 6.20000000e-01  6.20000002e-01  1.80000000e+00  6.20000000e-01  9.00000000e-01 
 6.30000000e-01  6.30000002e-01  1.80000000e+00  6.30000000e-01  9.00000000e-01 
 6.40000000e-01  6.40000002e-01  1.80000000e+00  6.40000000e-01  9.00000000e-01 
 6.50000000e-01  6.50000002e-01  1.80000000e+00  6.50000000e-01  9.00000000e-01 
 6.60000000e-01  6.60000002e-01  1.80000000e+00  6.60000000e-01  9.00000000e-01 
 6.70000000e-01  6.70000002e-01  1.80000000e+00  6.70000000e-01  9.00000000e-01 
 6.80000000e-01  6.80000002e-01  1.80000000e+00  6.80000000e-01  9.00000000e-01 
 6.90000000e-01  6.90000002e-01  1.80000000e+00  6.90000000e-01  9.00000000e-01 
 7.00000000e-01  7.00000002e-01  1.80000000e+00  7.00000000e-01  9.00000000e-01 
 7.10000000e-01  7.10000002e-01  1.80000000e+00  7.10000000e-01  9.00000000e-01 
 7.20000000e-01  7.20000002e-01  1.80000000e+00  7.20000000e-01  9.00000000e-01 
 7.30000000e-01  7.30000002e-01  1.80000000e+00  7.30000000e-01  9.00000000e-01 
 7.40000000e-01  7.40000002e-01  1.80000000e+00  7.40000000e-01  9.00000000e-01 
 7.50000000e-01  7.50000002e-01  1.80000000e+00  7.50000000e-01  9.00000000e-01 
 7.60000000e-01  7.60000002e-01  1.80000000e+00  7.60000000e-01  9.00000000e-01 
 7.70000000e-01  7.70000002e-01  1.80000000e+00  7.70000000e-01  9.00000000e-01 
 7.80000000e-01  7.80000002e-01  1.80000000e+00  7.80000000e-01  9.00000000e-01 
 7.90000000e-01  7.90000002e-01  1.80000000e+00  7.90000000e-01  9.00000000e-01 
 8.00000000e-01  8.00000002e-01  1.80000000e+00  8.00000000e-01  9.00000000e-01 
 8.10000000e-01  8.10000002e-01  1.80000000e+00  8.10000000e-01  9.00000000e-01 
 8.20000000e-01  8.20000002e-01  1.80000000e+00  8.20000000e-01  9.00000000e-01 
 8.30000000e-01  8.30000002e-01  1.80000000e+00  8.30000000e-01  9.00000000e-01 
 8.40000000e-01  8.40000002e-01  1.80000000e+00  8.40000000e-01  9.00000000e-01 
 8.50000000e-01  8.50000001e-01  1.80000000e+00  8.50000000e-01  9.00000000e-01 
 8.60000000e-01  8.60000001e-01  1.80000000e+00  8.60000000e-01  9.00000000e-01 
 8.70000000e-01  8.70000001e-01  1.80000000e+00  8.70000000e-01  9.00000000e-01 
 8.80000000e-01  8.80000001e-01  1.80000000e+00  8.80000000e-01  9.00000000e-01 
 8.90000000e-01  8.90000000e-01  1.80000000e+00  8.90000000e-01  9.00000000e-01 
 9.00000000e-01  9.00000000e-01  1.80000000e+00  9.00000000e-01  9.00000000e-01 
 9.10000000e-01  9.09999999e-01  1.80000000e+00  9.10000000e-01  9.00000000e-01 
 9.20000000e-01  9.19999999e-01  1.80000000e+00  9.20000000e-01  9.00000000e-01 
 9.30000000e-01  9.29999998e-01  1.80000000e+00  9.30000000e-01  9.00000000e-01 
 9.40000000e-01  9.39999998e-01  1.80000000e+00  9.40000000e-01  9.00000000e-01 
 9.50000000e-01  9.49999997e-01  1.80000000e+00  9.50000000e-01  9.00000000e-01 
 9.60000000e-01  9.59999996e-01  1.80000000e+00  9.60000000e-01  9.00000000e-01 
 9.70000000e-01  9.69999995e-01  1.80000000e+00  9.70000000e-01  9.00000000e-01 
 9.80000000e-01  9.79999995e-01  1.80000000e+00  9.80000000e-01  9.00000000e-01 
 9.90000000e-01  9.89999994e-01  1.80000000e+00  9.90000000e-01  9.00000000e-01 
 1.00000000e+00  9.99999993e-01  1.80000000e+00  1.00000000e+00  9.00000000e-01 
 1.01000000e+00  1.00999999e+00  1.80000000e+00  1.01000000e+00  9.00000000e-01 
 1.02000000e+00  1.01999999e+00  1.80000000e+00  1.02000000e+00  9.00000000e-01 
 1.03000000e+00  1.02999999e+00  1.80000000e+00  1.03000000e+00  9.00000000e-01 
 1.04000000e+00  1.03999999e+00  1.80000000e+00  1.04000000e+00  9.00000000e-01 
 1.05000000e+00  1.04999999e+00  1.80000000e+00  1.05000000e+00  9.00000000e-01 
 1.06000000e+00  1.05999999e+00  1.80000000e+00  1.06000000e+00  9.00000000e-01 
 1.07000000e+00  1.06999999e+00  1.80000000e+00  1.07000000e+00  9.00000000e-01 
 1.08000000e+00  1.07999999e+00  1.80000000e+00  1.08000000e+00  9.00000000e-01 
 1.09000000e+00  1.08999999e+00  1.80000000e+00  1.09000000e+00  9.00000000e-01 
 1.10000000e+00  1.09999999e+00  1.80000000e+00  1.10000000e+00  9.00000000e-01 
 1.11000000e+00  1.10999999e+00  1.80000000e+00  1.11000000e+00  9.00000000e-01 
 1.12000000e+00  1.11999999e+00  1.80000000e+00  1.12000000e+00  9.00000000e-01 
 1.13000000e+00  1.12999999e+00  1.80000000e+00  1.13000000e+00  9.00000000e-01 
 1.14000000e+00  1.13999999e+00  1.80000000e+00  1.14000000e+00  9.00000000e-01 
 1.15000000e+00  1.14999999e+00  1.80000000e+00  1.15000000e+00  9.00000000e-01 
 1.16000000e+00  1.15999999e+00  1.80000000e+00  1.16000000e+00  9.00000000e-01 
 1.17000000e+00  1.16999999e+00  1.80000000e+00  1.17000000e+00  9.00000000e-01 
 1.18000000e+00  1.17999999e+00  1.80000000e+00  1.18000000e+00  9.00000000e-01 
 1.19000000e+00  1.18999999e+00  1.80000000e+00  1.19000000e+00  9.00000000e-01 
 1.20000000e+00  1.19999999e+00  1.80000000e+00  1.20000000e+00  9.00000000e-01 
 1.21000000e+00  1.20999999e+00  1.80000000e+00  1.21000000e+00  9.00000000e-01 
 1.22000000e+00  1.21999999e+00  1.80000000e+00  1.22000000e+00  9.00000000e-01 
 1.23000000e+00  1.22999999e+00  1.80000000e+00  1.23000000e+00  9.00000000e-01 
 1.24000000e+00  1.23999999e+00  1.80000000e+00  1.24000000e+00  9.00000000e-01 
 1.25000000e+00  1.24999999e+00  1.80000000e+00  1.25000000e+00  9.00000000e-01 
 1.26000000e+00  1.25999999e+00  1.80000000e+00  1.26000000e+00  9.00000000e-01 
 1.27000000e+00  1.26999999e+00  1.80000000e+00  1.27000000e+00  9.00000000e-01 
 1.28000000e+00  1.27999999e+00  1.80000000e+00  1.28000000e+00  9.00000000e-01 
 1.29000000e+00  1.28999999e+00  1.80000000e+00  1.29000000e+00  9.00000000e-01 
 1.30000000e+00  1.29999999e+00  1.80000000e+00  1.30000000e+00  9.00000000e-01 
 1.31000000e+00  1.30999999e+00  1.80000000e+00  1.31000000e+00  9.00000000e-01 
 1.32000000e+00  1.31999999e+00  1.80000000e+00  1.32000000e+00  9.00000000e-01 
 1.33000000e+00  1.32999999e+00  1.80000000e+00  1.33000000e+00  9.00000000e-01 
 1.34000000e+00  1.33999999e+00  1.80000000e+00  1.34000000e+00  9.00000000e-01 
 1.35000000e+00  1.34999999e+00  1.80000000e+00  1.35000000e+00  9.00000000e-01 
 1.36000000e+00  1.35999999e+00  1.80000000e+00  1.36000000e+00  9.00000000e-01 
 1.37000000e+00  1.36999999e+00  1.80000000e+00  1.37000000e+00  9.00000000e-01 
 1.38000000e+00  1.37999999e+00  1.80000000e+00  1.38000000e+00  9.00000000e-01 
 1.39000000e+00  1.38999999e+00  1.80000000e+00  1.39000000e+00  9.00000000e-01 
 1.40000000e+00  1.39999999e+00  1.80000000e+00  1.40000000e+00  9.00000000e-01 
 1.41000000e+00  1.40999999e+00  1.80000000e+00  1.41000000e+00  9.00000000e-01 
 1.42000000e+00  1.41999999e+00  1.80000000e+00  1.42000000e+00  9.00000000e-01 
 1.43000000e+00  1.42999999e+00  1.80000000e+00  1.43000000e+00  9.00000000e-01 
 1.44000000e+00  1.43999999e+00  1.80000000e+00  1.44000000e+00  9.00000000e-01 
 1.45000000e+00  1.44999999e+00  1.80000000e+00  1.45000000e+00  9.00000000e-01 
 1.46000000e+00  1.45999999e+00  1.80000000e+00  1.46000000e+00  9.00000000e-01 
 1.47000000e+00  1.46999999e+00  1.80000000e+00  1.47000000e+00  9.00000000e-01 
 1.48000000e+00  1.47999999e+00  1.80000000e+00  1.48000000e+00  9.00000000e-01 
 1.49000000e+00  1.48999999e+00  1.80000000e+00  1.49000000e+00  9.00000000e-01 
 1.50000000e+00  1.49999999e+00  1.80000000e+00  1.50000000e+00  9.00000000e-01 
 1.51000000e+00  1.50999999e+00  1.80000000e+00  1.51000000e+00  9.00000000e-01 
 1.52000000e+00  1.51999999e+00  1.80000000e+00  1.52000000e+00  9.00000000e-01 
 1.53000000e+00  1.52999999e+00  1.80000000e+00  1.53000000e+00  9.00000000e-01 
 1.54000000e+00  1.53999999e+00  1.80000000e+00  1.54000000e+00  9.00000000e-01 
 1.55000000e+00  1.54999999e+00  1.80000000e+00  1.55000000e+00  9.00000000e-01 
 1.56000000e+00  1.55999999e+00  1.80000000e+00  1.56000000e+00  9.00000000e-01 
 1.57000000e+00  1.56999999e+00  1.80000000e+00  1.57000000e+00  9.00000000e-01 
 1.58000000e+00  1.57999999e+00  1.80000000e+00  1.58000000e+00  9.00000000e-01 
 1.59000000e+00  1.58999999e+00  1.80000000e+00  1.59000000e+00  9.00000000e-01 
 1.60000000e+00  1.59999999e+00  1.80000000e+00  1.60000000e+00  9.00000000e-01 
 1.61000000e+00  1.60999999e+00  1.80000000e+00  1.61000000e+00  9.00000000e-01 
 1.62000000e+00  1.61999999e+00  1.80000000e+00  1.62000000e+00  9.00000000e-01 
 1.63000000e+00  1.62999999e+00  1.80000000e+00  1.63000000e+00  9.00000000e-01 
 1.64000000e+00  1.63999999e+00  1.80000000e+00  1.64000000e+00  9.00000000e-01 
 1.65000000e+00  1.64999999e+00  1.80000000e+00  1.65000000e+00  9.00000000e-01 
 1.66000000e+00  1.65999999e+00  1.80000000e+00  1.66000000e+00  9.00000000e-01 
 1.67000000e+00  1.66999999e+00  1.80000000e+00  1.67000000e+00  9.00000000e-01 
 1.68000000e+00  1.67999999e+00  1.80000000e+00  1.68000000e+00  9.00000000e-01 
 1.69000000e+00  1.68999999e+00  1.80000000e+00  1.69000000e+00  9.00000000e-01 
 1.70000000e+00  1.69999998e+00  1.80000000e+00  1.70000000e+00  9.00000000e-01 
 1.71000000e+00  1.70999998e+00  1.80000000e+00  1.71000000e+00  9.00000000e-01 
 1.72000000e+00  1.71999998e+00  1.80000000e+00  1.72000000e+00  9.00000000e-01 
 1.73000000e+00  1.72999997e+00  1.80000000e+00  1.73000000e+00  9.00000000e-01 
 1.74000000e+00  1.73999997e+00  1.80000000e+00  1.74000000e+00  9.00000000e-01 
 1.75000000e+00  1.74999996e+00  1.80000000e+00  1.75000000e+00  9.00000000e-01 
 1.76000000e+00  1.75999995e+00  1.80000000e+00  1.76000000e+00  9.00000000e-01 
 1.77000000e+00  1.76999993e+00  1.80000000e+00  1.77000000e+00  9.00000000e-01 
 1.78000000e+00  1.77999991e+00  1.80000000e+00  1.78000000e+00  9.00000000e-01 
 1.79000000e+00  1.78999988e+00  1.80000000e+00  1.79000000e+00  9.00000000e-01 
 1.80000000e+00  1.79999984e+00  1.80000000e+00  1.80000000e+00  9.00000000e-01 
 0.00000000e+00  3.54779484e-09  1.80000000e+00  0.00000000e+00  1.35000000e+00 
 1.00000000e-02  1.00000035e-02  1.80000000e+00  1.00000000e-02  1.35000000e+00 
 2.00000000e-02  2.00000034e-02  1.80000000e+00  2.00000000e-02  1.35000000e+00 
 3.00000000e-02  3.00000033e-02  1.80000000e+00  3.00000000e-02  1.35000000e+00 
 4.00000000e-02  4.00000032e-02  1.80000000e+00  4.00000000e-02  1.35000000e+00 
 5.00000000e-02  5.00000032e-02  1.80000000e+00  5.00000000e-02  1.35000000e+00 
 6.00000000e-02  6.00000031e-02  1.80000000e+00  6.00000000e-02  1.35000000e+00 
 7.00000000e-02  7.00000031e-02  1.80000000e+00  7.00000000e-02  1.35000000e+00 
 8.00000000e-02  8.00000030e-02  1.80000000e+00  8.00000000e-02  1.35000000e+00 
 9.00000000e-02  9.00000030e-02  1.80000000e+00  9.00000000e-02  1.35000000e+00 
 1.00000000e-01  1.00000003e-01  1.80000000e+00  1.00000000e-01  1.35000000e+00 
 1.10000000e-01  1.10000003e-01  1.80000000e+00  1.10000000e-01  1.35000000e+00 
 1.20000000e-01  1.20000003e-01  1.80000000e+00  1.20000000e-01  1.35000000e+00 
 1.30000000e-01  1.30000003e-01  1.80000000e+00  1.30000000e-01  1.35000000e+00 
 1.40000000e-01  1.40000003e-01  1.80000000e+00  1.40000000e-01  1.35000000e+00 
 1.50000000e-01  1.50000003e-01  1.80000000e+00  1.50000000e-01  1.35000000e+00 
 1.60000000e-01  1.60000003e-01  1.80000000e+00  1.60000000e-01  1.35000000e+00 
 1.70000000e-01  1.70000003e-01  1.80000000e+00  1.70000000e-01  1.35000000e+00 
 1.80000000e-01  1.80000003e-01  1.80000000e+00  1.80000000e-01  1.35000000e+00 
 1.90000000e-01  1.90000003e-01  1.80000000e+00  1.90000000e-01  1.35000000e+00 
 2.00000000e-01  2.00000003e-01  1.80000000e+00  2.00000000e-01  1.35000000e+00 
 2.10000000e-01  2.10000003e-01  1.80000000e+00  2.10000000e-01  1.35000000e+00 
 2.20000000e-01  2.20000003e-01  1.80000000e+00  2.20000000e-01  1.35000000e+00 
 2.30000000e-01  2.30000003e-01  1.80000000e+00  2.30000000e-01  1.35000000e+00 
 2.40000000e-01  2.40000003e-01  1.80000000e+00  2.40000000e-01  1.35000000e+00 
 2.50000000e-01  2.50000002e-01  1.80000000e+00  2.50000000e-01  1.35000000e+00 
 2.60000000e-01  2.60000002e-01  1.80000000e+00  2.60000000e-01  1.35000000e+00 
 2.70000000e-01  2.70000002e-01  1.80000000e+00  2.70000000e-01  1.35000000e+00 
 2.80000000e-01  2.80000002e-01  1.80000000e+00  2.80000000e-01  1.35000000e+00 
 2.90000000e-01  2.90000002e-01  1.80000000e+00  2.90000000e-01  1.35000000e+00 
 3.00000000e-01  3.00000002e-01  1.80000000e+00  3.00000000e-01  1.35000000e+00 
 3.10000000e-01  3.10000002e-01  1.80000000e+00  3.10000000e-01  1.35000000e+00 
 3.20000000e-01  3.20000002e-01  1.80000000e+00  3.20000000e-01  1.35000000e+00 
 3.30000000e-01  3.30000002e-01  1.80000000e+00  3.30000000e-01  1.35000000e+00 
 3.40000000e-01  3.40000002e-01  1.80000000e+00  3.40000000e-01  1.35000000e+00 
 3.50000000e-01  3.50000002e-01  1.80000000e+00  3.50000000e-01  1.35000000e+00 
 3.60000000e-01  3.60000002e-01  1.80000000e+00  3.60000000e-01  1.35000000e+00 
 3.70000000e-01  3.70000002e-01  1.80000000e+00  3.70000000e-01  1.35000000e+00 
 3.80000000e-01  3.80000002e-01  1.80000000e+00  3.80000000e-01  1.35000000e+00 
 3.90000000e-01  3.90000002e-01  1.80000000e+00  3.90000000e-01  1.35000000e+00 
 4.00000000e-01  4.00000002e-01  1.80000000e+00  4.00000000e-01  1.35000000e+00 
 4.10000000e-01  4.10000002e-01  1.80000000e+00  4.10000000e-01  1.35000000e+00 
 4.20000000e-01  4.20000002e-01  1.80000000e+00  4.20000000e-01  1.35000000e+00 
 4.30000000e-01  4.30000002e-01  1.80000000e+00  4.30000000e-01  1.35000000e+00 
 4.40000000e-01  4.40000002e-01  1.80000000e+00  4.40000000e-01  1.35000000e+00 
 4.50000000e-01  4.50000002e-01  1.80000000e+00  4.50000000e-01  1.35000000e+00 
 4.60000000e-01  4.60000002e-01  1.80000000e+00  4.60000000e-01  1.35000000e+00 
 4.70000000e-01  4.70000002e-01  1.80000000e+00  4.70000000e-01  1.35000000e+00 
 4.80000000e-01  4.80000002e-01  1.80000000e+00  4.80000000e-01  1.35000000e+00 
 4.90000000e-01  4.90000002e-01  1.80000000e+00  4.90000000e-01  1.35000000e+00 
 5.00000000e-01  5.00000002e-01  1.80000000e+00  5.00000000e-01  1.35000000e+00 
 5.10000000e-01  5.10000002e-01  1.80000000e+00  5.10000000e-01  1.35000000e+00 
 5.20000000e-01  5.20000002e-01  1.80000000e+00  5.20000000e-01  1.35000000e+00 
 5.30000000e-01  5.30000002e-01  1.80000000e+00  5.30000000e-01  1.35000000e+00 
 5.40000000e-01  5.40000002e-01  1.80000000e+00  5.40000000e-01  1.35000000e+00 
 5.50000000e-01  5.50000002e-01  1.80000000e+00  5.50000000e-01  1.35000000e+00 
 5.60000000e-01  5.60000002e-01  1.80000000e+00  5.60000000e-01  1.35000000e+00 
 5.70000000e-01  5.70000002e-01  1.80000000e+00  5.70000000e-01  1.35000000e+00 
 5.80000000e-01  5.80000002e-01  1.80000000e+00  5.80000000e-01  1.35000000e+00 
 5.90000000e-01  5.90000002e-01  1.80000000e+00  5.90000000e-01  1.35000000e+00 
 6.00000000e-01  6.00000002e-01  1.80000000e+00  6.00000000e-01  1.35000000e+00 
 6.10000000e-01  6.10000002e-01  1.80000000e+00  6.10000000e-01  1.35000000e+00 
 6.20000000e-01  6.20000002e-01  1.80000000e+00  6.20000000e-01  1.35000000e+00 
 6.30000000e-01  6.30000002e-01  1.80000000e+00  6.30000000e-01  1.35000000e+00 
 6.40000000e-01  6.40000002e-01  1.80000000e+00  6.40000000e-01  1.35000000e+00 
 6.50000000e-01  6.50000002e-01  1.80000000e+00  6.50000000e-01  1.35000000e+00 
 6.60000000e-01  6.60000002e-01  1.80000000e+00  6.60000000e-01  1.35000000e+00 
 6.70000000e-01  6.70000002e-01  1.80000000e+00  6.70000000e-01  1.35000000e+00 
 6.80000000e-01  6.80000002e-01  1.80000000e+00  6.80000000e-01  1.35000000e+00 
 6.90000000e-01  6.90000002e-01  1.80000000e+00  6.90000000e-01  1.35000000e+00 
 7.00000000e-01  7.00000002e-01  1.80000000e+00  7.00000000e-01  1.35000000e+00 
 7.10000000e-01  7.10000002e-01  1.80000000e+00  7.10000000e-01  1.35000000e+00 
 7.20000000e-01  7.20000002e-01  1.80000000e+00  7.20000000e-01  1.35000000e+00 
 7.30000000e-01  7.30000002e-01  1.80000000e+00  7.30000000e-01  1.35000000e+00 
 7.40000000e-01  7.40000002e-01  1.80000000e+00  7.40000000e-01  1.35000000e+00 
 7.50000000e-01  7.50000002e-01  1.80000000e+00  7.50000000e-01  1.35000000e+00 
 7.60000000e-01  7.60000002e-01  1.80000000e+00  7.60000000e-01  1.35000000e+00 
 7.70000000e-01  7.70000002e-01  1.80000000e+00  7.70000000e-01  1.35000000e+00 
 7.80000000e-01  7.80000002e-01  1.80000000e+00  7.80000000e-01  1.35000000e+00 
 7.90000000e-01  7.90000002e-01  1.80000000e+00  7.90000000e-01  1.35000000e+00 
 8.00000000e-01  8.00000002e-01  1.80000000e+00  8.00000000e-01  1.35000000e+00 
 8.10000000e-01  8.10000002e-01  1.80000000e+00  8.10000000e-01  1.35000000e+00 
 8.20000000e-01  8.20000002e-01  1.80000000e+00  8.20000000e-01  1.35000000e+00 
 8.30000000e-01  8.30000002e-01  1.80000000e+00  8.30000000e-01  1.35000000e+00 
 8.40000000e-01  8.40000002e-01  1.80000000e+00  8.40000000e-01  1.35000000e+00 
 8.50000000e-01  8.50000001e-01  1.80000000e+00  8.50000000e-01  1.35000000e+00 
 8.60000000e-01  8.60000001e-01  1.80000000e+00  8.60000000e-01  1.35000000e+00 
 8.70000000e-01  8.70000001e-01  1.80000000e+00  8.70000000e-01  1.35000000e+00 
 8.80000000e-01  8.80000001e-01  1.80000000e+00  8.80000000e-01  1.35000000e+00 
 8.90000000e-01  8.90000000e-01  1.80000000e+00  8.90000000e-01  1.35000000e+00 
 9.00000000e-01  9.00000000e-01  1.80000000e+00  9.00000000e-01  1.35000000e+00 
 9.10000000e-01  9.09999999e-01  1.80000000e+00  9.10000000e-01  1.35000000e+00 
 9.20000000e-01  9.19999999e-01  1.80000000e+00  9.20000000e-01  1.35000000e+00 
 9.30000000e-01  9.29999998e-01  1.80000000e+00  9.30000000e-01  1.35000000e+00 
 9.40000000e-01  9.39999998e-01  1.80000000e+00  9.40000000e-01  1.35000000e+00 
 9.50000000e-01  9.49999997e-01  1.80000000e+00  9.50000000e-01  1.35000000e+00 
 9.60000000e-01  9.59999996e-01  1.80000000e+00  9.60000000e-01  1.35000000e+00 
 9.70000000e-01  9.69999995e-01  1.80000000e+00  9.70000000e-01  1.35000000e+00 
 9.80000000e-01  9.79999995e-01  1.80000000e+00  9.80000000e-01  1.35000000e+00 
 9.90000000e-01  9.89999994e-01  1.80000000e+00  9.90000000e-01  1.35000000e+00 
 1.00000000e+00  9.99999993e-01  1.80000000e+00  1.00000000e+00  1.35000000e+00 
 1.01000000e+00  1.00999999e+00  1.80000000e+00  1.01000000e+00  1.35000000e+00 
 1.02000000e+00  1.01999999e+00  1.80000000e+00  1.02000000e+00  1.35000000e+00 
 1.03000000e+00  1.02999999e+00  1.80000000e+00  1.03000000e+00  1.35000000e+00 
 1.04000000e+00  1.03999999e+00  1.80000000e+00  1.04000000e+00  1.35000000e+00 
 1.05000000e+00  1.04999999e+00  1.80000000e+00  1.05000000e+00  1.35000000e+00 
 1.06000000e+00  1.05999999e+00  1.80000000e+00  1.06000000e+00  1.35000000e+00 
 1.07000000e+00  1.06999999e+00  1.80000000e+00  1.07000000e+00  1.35000000e+00 
 1.08000000e+00  1.07999999e+00  1.80000000e+00  1.08000000e+00  1.35000000e+00 
 1.09000000e+00  1.08999999e+00  1.80000000e+00  1.09000000e+00  1.35000000e+00 
 1.10000000e+00  1.09999999e+00  1.80000000e+00  1.10000000e+00  1.35000000e+00 
 1.11000000e+00  1.10999999e+00  1.80000000e+00  1.11000000e+00  1.35000000e+00 
 1.12000000e+00  1.11999999e+00  1.80000000e+00  1.12000000e+00  1.35000000e+00 
 1.13000000e+00  1.12999999e+00  1.80000000e+00  1.13000000e+00  1.35000000e+00 
 1.14000000e+00  1.13999999e+00  1.80000000e+00  1.14000000e+00  1.35000000e+00 
 1.15000000e+00  1.14999999e+00  1.80000000e+00  1.15000000e+00  1.35000000e+00 
 1.16000000e+00  1.15999999e+00  1.80000000e+00  1.16000000e+00  1.35000000e+00 
 1.17000000e+00  1.16999999e+00  1.80000000e+00  1.17000000e+00  1.35000000e+00 
 1.18000000e+00  1.17999999e+00  1.80000000e+00  1.18000000e+00  1.35000000e+00 
 1.19000000e+00  1.18999999e+00  1.80000000e+00  1.19000000e+00  1.35000000e+00 
 1.20000000e+00  1.19999999e+00  1.80000000e+00  1.20000000e+00  1.35000000e+00 
 1.21000000e+00  1.20999999e+00  1.80000000e+00  1.21000000e+00  1.35000000e+00 
 1.22000000e+00  1.21999999e+00  1.80000000e+00  1.22000000e+00  1.35000000e+00 
 1.23000000e+00  1.22999999e+00  1.80000000e+00  1.23000000e+00  1.35000000e+00 
 1.24000000e+00  1.23999999e+00  1.80000000e+00  1.24000000e+00  1.35000000e+00 
 1.25000000e+00  1.24999999e+00  1.80000000e+00  1.25000000e+00  1.35000000e+00 
 1.26000000e+00  1.25999999e+00  1.80000000e+00  1.26000000e+00  1.35000000e+00 
 1.27000000e+00  1.26999999e+00  1.80000000e+00  1.27000000e+00  1.35000000e+00 
 1.28000000e+00  1.27999999e+00  1.80000000e+00  1.28000000e+00  1.35000000e+00 
 1.29000000e+00  1.28999999e+00  1.80000000e+00  1.29000000e+00  1.35000000e+00 
 1.30000000e+00  1.29999999e+00  1.80000000e+00  1.30000000e+00  1.35000000e+00 
 1.31000000e+00  1.30999999e+00  1.80000000e+00  1.31000000e+00  1.35000000e+00 
 1.32000000e+00  1.31999999e+00  1.80000000e+00  1.32000000e+00  1.35000000e+00 
 1.33000000e+00  1.32999999e+00  1.80000000e+00  1.33000000e+00  1.35000000e+00 
 1.34000000e+00  1.33999999e+00  1.80000000e+00  1.34000000e+00  1.35000000e+00 
 1.35000000e+00  1.34999999e+00  1.80000000e+00  1.35000000e+00  1.35000000e+00 
 1.36000000e+00  1.35999999e+00  1.80000000e+00  1.36000000e+00  1.35000000e+00 
 1.37000000e+00  1.36999999e+00  1.80000000e+00  1.37000000e+00  1.35000000e+00 
 1.38000000e+00  1.37999999e+00  1.80000000e+00  1.38000000e+00  1.35000000e+00 
 1.39000000e+00  1.38999999e+00  1.80000000e+00  1.39000000e+00  1.35000000e+00 
 1.40000000e+00  1.39999999e+00  1.80000000e+00  1.40000000e+00  1.35000000e+00 
 1.41000000e+00  1.40999999e+00  1.80000000e+00  1.41000000e+00  1.35000000e+00 
 1.42000000e+00  1.41999999e+00  1.80000000e+00  1.42000000e+00  1.35000000e+00 
 1.43000000e+00  1.42999999e+00  1.80000000e+00  1.43000000e+00  1.35000000e+00 
 1.44000000e+00  1.43999999e+00  1.80000000e+00  1.44000000e+00  1.35000000e+00 
 1.45000000e+00  1.44999999e+00  1.80000000e+00  1.45000000e+00  1.35000000e+00 
 1.46000000e+00  1.45999999e+00  1.80000000e+00  1.46000000e+00  1.35000000e+00 
 1.47000000e+00  1.46999999e+00  1.80000000e+00  1.47000000e+00  1.35000000e+00 
 1.48000000e+00  1.47999999e+00  1.80000000e+00  1.48000000e+00  1.35000000e+00 
 1.49000000e+00  1.48999999e+00  1.80000000e+00  1.49000000e+00  1.35000000e+00 
 1.50000000e+00  1.49999999e+00  1.80000000e+00  1.50000000e+00  1.35000000e+00 
 1.51000000e+00  1.50999999e+00  1.80000000e+00  1.51000000e+00  1.35000000e+00 
 1.52000000e+00  1.51999999e+00  1.80000000e+00  1.52000000e+00  1.35000000e+00 
 1.53000000e+00  1.52999999e+00  1.80000000e+00  1.53000000e+00  1.35000000e+00 
 1.54000000e+00  1.53999999e+00  1.80000000e+00  1.54000000e+00  1.35000000e+00 
 1.55000000e+00  1.54999999e+00  1.80000000e+00  1.55000000e+00  1.35000000e+00 
 1.56000000e+00  1.55999999e+00  1.80000000e+00  1.56000000e+00  1.35000000e+00 
 1.57000000e+00  1.56999999e+00  1.80000000e+00  1.57000000e+00  1.35000000e+00 
 1.58000000e+00  1.57999999e+00  1.80000000e+00  1.58000000e+00  1.35000000e+00 
 1.59000000e+00  1.58999999e+00  1.80000000e+00  1.59000000e+00  1.35000000e+00 
 1.60000000e+00  1.59999999e+00  1.80000000e+00  1.60000000e+00  1.35000000e+00 
 1.61000000e+00  1.60999999e+00  1.80000000e+00  1.61000000e+00  1.35000000e+00 
 1.62000000e+00  1.61999999e+00  1.80000000e+00  1.62000000e+00  1.35000000e+00 
 1.63000000e+00  1.62999999e+00  1.80000000e+00  1.63000000e+00  1.35000000e+00 
 1.64000000e+00  1.63999999e+00  1.80000000e+00  1.64000000e+00  1.35000000e+00 
 1.65000000e+00  1.64999999e+00  1.80000000e+00  1.65000000e+00  1.35000000e+00 
 1.66000000e+00  1.65999999e+00  1.80000000e+00  1.66000000e+00  1.35000000e+00 
 1.67000000e+00  1.66999999e+00  1.80000000e+00  1.67000000e+00  1.35000000e+00 
 1.68000000e+00  1.67999999e+00  1.80000000e+00  1.68000000e+00  1.35000000e+00 
 1.69000000e+00  1.68999999e+00  1.80000000e+00  1.69000000e+00  1.35000000e+00 
 1.70000000e+00  1.69999999e+00  1.80000000e+00  1.70000000e+00  1.35000000e+00 
 1.71000000e+00  1.70999999e+00  1.80000000e+00  1.71000000e+00  1.35000000e+00 
 1.72000000e+00  1.71999999e+00  1.80000000e+00  1.72000000e+00  1.35000000e+00 
 1.73000000e+00  1.72999999e+00  1.80000000e+00  1.73000000e+00  1.35000000e+00 
 1.74000000e+00  1.73999998e+00  1.80000000e+00  1.74000000e+00  1.35000000e+00 
 1.75000000e+00  1.74999998e+00  1.80000000e+00  1.75000000e+00  1.35000000e+00 
 1.76000000e+00  1.75999998e+00  1.80000000e+00  1.76000000e+00  1.35000000e+00 
 1.77000000e+00  1.76999997e+00  1.80000000e+00  1.77000000e+00  1.35000000e+00 
 1.78000000e+00  1.77999997e+00  1.80000000e+00  1.78000000e+00  1.35000000e+00 
 1.79000000e+00  1.78999996e+00  1.80000000e+00  1.79000000e+00  1.35000000e+00 
 1.80000000e+00  1.79999995e+00  1.80000000e+00  1.80000000e+00  1.35000000e+00 
 0.00000000e+00  2.89432267e-07  1.80000000e+00  0.00000000e+00  1.80000000e+00 
 1.00000000e-02  1.00002858e-02  1.80000000e+00  1.00000000e-02  1.80000000e+00 
 2.00000000e-02  2.00002824e-02  1.80000000e+00  2.00000000e-02  1.80000000e+00 
 3.00000000e-02  3.00002790e-02  1.80000000e+00  3.00000000e-02  1.80000000e+00 
 4.00000000e-02  4.00002756e-02  1.80000000e+00  4.00000000e-02  1.80000000e+00 
 5.00000000e-02  5.00002723e-02  1.80000000e+00  5.00000000e-02  1.80000000e+00 
 6.00000000e-02  6.00002691e-02  1.80000000e+00  6.00000000e-02  1.80000000e+00 
 7.00000000e-02  7.00002659e-02  1.80000000e+00  7.00000000e-02  1.80000000e+00 
 8.00000000e-02  8.00002628e-02  1.80000000e+00  8.00000000e-02  1.80000000e+00 
 9.00000000e-02  9.00002598e-02  1.80000000e+00  9.00000000e-02  1.80000000e+00 
 1.00000000e-01  1.00000257e-01  1.80000000e+00  1.00000000e-01  1.80000000e+00 
 1.10000000e-01  1.10000254e-01  1.80000000e+00  1.10000000e-01  1.80000000e+00 
 1.20000000e-01  1.20000251e-01  1.80000000e+00  1.20000000e-01  1.80000000e+00 
 1.30000000e-01  1.30000248e-01  1.80000000e+00  1.30000000e-01  1.80000000e+00 
 1.40000000e-01  1.40000245e-01  1.80000000e+00  1.40000000e-01  1.80000000e+00 
 1.50000000e-01  1.50000243e-01  1.80000000e+00  1.50000000e-01  1.80000000e+00 
 1.60000000e-01  1.60000240e-01  1.80000000e+00  1.60000000e-01  1.80000000e+00 
 1.70000000e-01  1.70000238e-01  1.80000000e+00  1.70000000e-01  1.80000000e+00 
 1.80000000e-01  1.80000235e-01  1.80000000e+00  1.80000000e-01  1.80000000e+00 
 1.90000000e-01  1.90000233e-01  1.80000000e+00  1.90000000e-01  1.80000000e+00 
 2.00000000e-01  2.00000230e-01  1.80000000e+00  2.00000000e-01  1.80000000e+00 
 2.10000000e-01  2.10000228e-01  1.80000000e+00  2.10000000e-01  1.80000000e+00 
 2.20000000e-01  2.20000226e-01  1.80000000e+00  2.20000000e-01  1.80000000e+00 
 2.30000000e-01  2.30000223e-01  1.80000000e+00  2.30000000e-01  1.80000000e+00 
 2.40000000e-01  2.40000221e-01  1.80000000e+00  2.40000000e-01  1.80000000e+00 
 2.50000000e-01  2.50000219e-01  1.80000000e+00  2.50000000e-01  1.80000000e+00 
 2.60000000e-01  2.60000217e-01  1.80000000e+00  2.60000000e-01  1.80000000e+00 
 2.70000000e-01  2.70000215e-01  1.80000000e+00  2.70000000e-01  1.80000000e+00 
 2.80000000e-01  2.80000213e-01  1.80000000e+00  2.80000000e-01  1.80000000e+00 
 2.90000000e-01  2.90000211e-01  1.80000000e+00  2.90000000e-01  1.80000000e+00 
 3.00000000e-01  3.00000209e-01  1.80000000e+00  3.00000000e-01  1.80000000e+00 
 3.10000000e-01  3.10000208e-01  1.80000000e+00  3.10000000e-01  1.80000000e+00 
 3.20000000e-01  3.20000206e-01  1.80000000e+00  3.20000000e-01  1.80000000e+00 
 3.30000000e-01  3.30000204e-01  1.80000000e+00  3.30000000e-01  1.80000000e+00 
 3.40000000e-01  3.40000203e-01  1.80000000e+00  3.40000000e-01  1.80000000e+00 
 3.50000000e-01  3.50000201e-01  1.80000000e+00  3.50000000e-01  1.80000000e+00 
 3.60000000e-01  3.60000200e-01  1.80000000e+00  3.60000000e-01  1.80000000e+00 
 3.70000000e-01  3.70000199e-01  1.80000000e+00  3.70000000e-01  1.80000000e+00 
 3.80000000e-01  3.80000197e-01  1.80000000e+00  3.80000000e-01  1.80000000e+00 
 3.90000000e-01  3.90000196e-01  1.80000000e+00  3.90000000e-01  1.80000000e+00 
 4.00000000e-01  4.00000195e-01  1.80000000e+00  4.00000000e-01  1.80000000e+00 
 4.10000000e-01  4.10000194e-01  1.80000000e+00  4.10000000e-01  1.80000000e+00 
 4.20000000e-01  4.20000193e-01  1.80000000e+00  4.20000000e-01  1.80000000e+00 
 4.30000000e-01  4.30000192e-01  1.80000000e+00  4.30000000e-01  1.80000000e+00 
 4.40000000e-01  4.40000191e-01  1.80000000e+00  4.40000000e-01  1.80000000e+00 
 4.50000000e-01  4.50000190e-01  1.80000000e+00  4.50000000e-01  1.80000000e+00 
 4.60000000e-01  4.60000190e-01  1.80000000e+00  4.60000000e-01  1.80000000e+00 
 4.70000000e-01  4.70000189e-01  1.80000000e+00  4.70000000e-01  1.80000000e+00 
 4.80000000e-01  4.80000189e-01  1.80000000e+00  4.80000000e-01  1.80000000e+00 
 4.90000000e-01  4.90000188e-01  1.80000000e+00  4.90000000e-01  1.80000000e+00 
 5.00000000e-01  5.00000188e-01  1.80000000e+00  5.00000000e-01  1.80000000e+00 
 5.10000000e-01  5.10000188e-01  1.80000000e+00  5.10000000e-01  1.80000000e+00 
 5.20000000e-01  5.20000188e-01  1.80000000e+00  5.20000000e-01  1.80000000e+00 
 5.30000000e-01  5.30000188e-01  1.80000000e+00  5.30000000e-01  1.80000000e+00 
 5.40000000e-01  5.40000188e-01  1.80000000e+00  5.40000000e-01  1.80000000e+00 
 5.50000000e-01  5.50000189e-01  1.80000000e+00  5.50000000e-01  1.80000000e+00 
 5.60000000e-01  5.60000189e-01  1.80000000e+00  5.60000000e-01  1.80000000e+00 
 5.70000000e-01  5.70000190e-01  1.80000000e+00  5.70000000e-01  1.80000000e+00 
 5.80000000e-01  5.80000191e-01  1.80000000e+00  5.80000000e-01  1.80000000e+00 
 5.90000000e-01  5.90000192e-01  1.80000000e+00  5.90000000e-01  1.80000000e+00 
 6.00000000e-01  6.00000193e-01  1.80000000e+00  6.00000000e-01  1.80000000e+00 
 6.10000000e-01  6.10000194e-01  1.80000000e+00  6.10000000e-01  1.80000000e+00 
 6.20000000e-01  6.20000196e-01  1.80000000e+00  6.20000000e-01  1.80000000e+00 
 6.30000000e-01  6.30000198e-01  1.80000000e+00  6.30000000e-01  1.80000000e+00 
 6.40000000e-01  6.40000200e-01  1.80000000e+00  6.40000000e-01  1.80000000e+00 
 6.50000000e-01  6.50000203e-01  1.80000000e+00  6.50000000e-01  1.80000000e+00 
 6.60000000e-01  6.60000206e-01  1.80000000e+00  6.60000000e-01  1.80000000e+00 
 6.70000000e-01  6.70000209e-01  1.80000000e+00  6.70000000e-01  1.80000000e+00 
 6.80000000e-01  6.80000213e-01  1.80000000e+00  6.80000000e-01  1.80000000e+00 
 6.90000000e-01  6.90000217e-01  1.80000000e+00  6.90000000e-01  1.80000000e+00 
 7.00000000e-01  7.00000221e-01  1.80000000e+00  7.00000000e-01  1.80000000e+00 
 7.10000000e-01  7.10000227e-01  1.80000000e+00  7.10000000e-01  1.80000000e+00 
 7.20000000e-01  7.20000233e-01  1.80000000e+00  7.20000000e-01  1.80000000e+00 
 7.30000000e-01  7.30000239e-01  1.80000000e+00  7.30000000e-01  1.80000000e+00 
 7.40000000e-01  7.40000247e-01  1.80000000e+00  7.40000000e-01  1.80000000e+00 
 7.50000000e-01  7.50000255e-01  1.80000000e+00  7.50000000e-01  1.80000000e+00 
 7.60000000e-01  7.60000264e-01  1.80000000e+00  7.60000000e-01  1.80000000e+00 
 7.70000000e-01  7.70000275e-01  1.80000000e+00  7.70000000e-01  1.80000000e+00 
 7.80000000e-01  7.80000287e-01  1.80000000e+00  7.80000000e-01  1.80000000e+00 
 7.90000000e-01  7.90000300e-01  1.80000000e+00  7.90000000e-01  1.80000000e+00 
 8.00000000e-01  8.00000315e-01  1.80000000e+00  8.00000000e-01  1.80000000e+00 
 8.10000000e-01  8.10000332e-01  1.80000000e+00  8.10000000e-01  1.80000000e+00 
 8.20000000e-01  8.20000351e-01  1.80000000e+00  8.20000000e-01  1.80000000e+00 
 8.30000000e-01  8.30000372e-01  1.80000000e+00  8.30000000e-01  1.80000000e+00 
 8.40000000e-01  8.40000395e-01  1.80000000e+00  8.40000000e-01  1.80000000e+00 
 8.50000000e-01  8.50000421e-01  1.80000000e+00  8.50000000e-01  1.80000000e+00 
 8.60000000e-01  8.60000448e-01  1.80000000e+00  8.60000000e-01  1.80000000e+00 
 8.70000000e-01  8.70000478e-01  1.80000000e+00  8.70000000e-01  1.80000000e+00 
 8.80000000e-01  8.80000510e-01  1.80000000e+00  8.80000000e-01  1.80000000e+00 
 8.90000000e-01  8.90000543e-01  1.80000000e+00  8.90000000e-01  1.80000000e+00 
 9.00000000e-01  9.00000576e-01  1.80000000e+00  9.00000000e-01  1.80000000e+00 
 9.10000000e-01  9.10000607e-01  1.80000000e+00  9.10000000e-01  1.80000000e+00 
 9.20000000e-01  9.20000636e-01  1.80000000e+00  9.20000000e-01  1.80000000e+00 
 9.30000000e-01  9.30000661e-01  1.80000000e+00  9.30000000e-01  1.80000000e+00 
 9.40000000e-01  9.40000679e-01  1.80000000e+00  9.40000000e-01  1.80000000e+00 
 9.50000000e-01  9.50000690e-01  1.80000000e+00  9.50000000e-01  1.80000000e+00 
 9.60000000e-01  9.60000693e-01  1.80000000e+00  9.60000000e-01  1.80000000e+00 
 9.70000000e-01  9.70000687e-01  1.80000000e+00  9.70000000e-01  1.80000000e+00 
 9.80000000e-01  9.80000673e-01  1.80000000e+00  9.80000000e-01  1.80000000e+00 
 9.90000000e-01  9.90000652e-01  1.80000000e+00  9.90000000e-01  1.80000000e+00 
 1.00000000e+00  1.00000063e+00  1.80000000e+00  1.00000000e+00  1.80000000e+00 
 1.01000000e+00  1.01000060e+00  1.80000000e+00  1.01000000e+00  1.80000000e+00 
 1.02000000e+00  1.02000056e+00  1.80000000e+00  1.02000000e+00  1.80000000e+00 
 1.03000000e+00  1.03000053e+00  1.80000000e+00  1.03000000e+00  1.80000000e+00 
 1.04000000e+00  1.04000050e+00  1.80000000e+00  1.04000000e+00  1.80000000e+00 
 1.05000000e+00  1.05000046e+00  1.80000000e+00  1.05000000e+00  1.80000000e+00 
 1.06000000e+00  1.06000043e+00  1.80000000e+00  1.06000000e+00  1.80000000e+00 
 1.07000000e+00  1.07000040e+00  1.80000000e+00  1.07000000e+00  1.80000000e+00 
 1.08000000e+00  1.08000037e+00  1.80000000e+00  1.08000000e+00  1.80000000e+00 
 1.09000000e+00  1.09000035e+00  1.80000000e+00  1.09000000e+00  1.80000000e+00 
 1.10000000e+00  1.10000032e+00  1.80000000e+00  1.10000000e+00  1.80000000e+00 
 1.11000000e+00  1.11000030e+00  1.80000000e+00  1.11000000e+00  1.80000000e+00 
 1.12000000e+00  1.12000028e+00  1.80000000e+00  1.12000000e+00  1.80000000e+00 
 1.13000000e+00  1.13000026e+00  1.80000000e+00  1.13000000e+00  1.80000000e+00 
 1.14000000e+00  1.14000024e+00  1.80000000e+00  1.14000000e+00  1.80000000e+00 
 1.15000000e+00  1.15000023e+00  1.80000000e+00  1.15000000e+00  1.80000000e+00 
 1.16000000e+00  1.16000021e+00  1.80000000e+00  1.16000000e+00  1.80000000e+00 
 1.17000000e+00  1.17000020e+00  1.80000000e+00  1.17000000e+00  1.80000000e+00 
 1.18000000e+00  1.18000019e+00  1.80000000e+00  1.18000000e+00  1.80000000e+00 
 1.19000000e+00  1.19000017e+00  1.80000000e+00  1.19000000e+00  1.80000000e+00 
 1.20000000e+00  1.20000016e+00  1.80000000e+00  1.20000000e+00  1.80000000e+00 
 1.21000000e+00  1.21000015e+00  1.80000000e+00  1.21000000e+00  1.80000000e+00 
 1.22000000e+00  1.22000014e+00  1.80000000e+00  1.22000000e+00  1.80000000e+00 
 1.23000000e+00  1.23000013e+00  1.80000000e+00  1.23000000e+00  1.80000000e+00 
 1.24000000e+00  1.24000013e+00  1.80000000e+00  1.24000000e+00  1.80000000e+00 
 1.25000000e+00  1.25000012e+00  1.80000000e+00  1.25000000e+00  1.80000000e+00 
 1.26000000e+00  1.26000011e+00  1.80000000e+00  1.26000000e+00  1.80000000e+00 
 1.27000000e+00  1.27000011e+00  1.80000000e+00  1.27000000e+00  1.80000000e+00 
 1.28000000e+00  1.28000010e+00  1.80000000e+00  1.28000000e+00  1.80000000e+00 
 1.29000000e+00  1.29000009e+00  1.80000000e+00  1.29000000e+00  1.80000000e+00 
 1.30000000e+00  1.30000009e+00  1.80000000e+00  1.30000000e+00  1.80000000e+00 
 1.31000000e+00  1.31000008e+00  1.80000000e+00  1.31000000e+00  1.80000000e+00 
 1.32000000e+00  1.32000008e+00  1.80000000e+00  1.32000000e+00  1.80000000e+00 
 1.33000000e+00  1.33000007e+00  1.80000000e+00  1.33000000e+00  1.80000000e+00 
 1.34000000e+00  1.34000007e+00  1.80000000e+00  1.34000000e+00  1.80000000e+00 
 1.35000000e+00  1.35000007e+00  1.80000000e+00  1.35000000e+00  1.80000000e+00 
 1.36000000e+00  1.36000006e+00  1.80000000e+00  1.36000000e+00  1.80000000e+00 
 1.37000000e+00  1.37000006e+00  1.80000000e+00  1.37000000e+00  1.80000000e+00 
 1.38000000e+00  1.38000005e+00  1.80000000e+00  1.38000000e+00  1.80000000e+00 
 1.39000000e+00  1.39000005e+00  1.80000000e+00  1.39000000e+00  1.80000000e+00 
 1.40000000e+00  1.40000005e+00  1.80000000e+00  1.40000000e+00  1.80000000e+00 
 1.41000000e+00  1.41000005e+00  1.80000000e+00  1.41000000e+00  1.80000000e+00 
 1.42000000e+00  1.42000004e+00  1.80000000e+00  1.42000000e+00  1.80000000e+00 
 1.43000000e+00  1.43000004e+00  1.80000000e+00  1.43000000e+00  1.80000000e+00 
 1.44000000e+00  1.44000004e+00  1.80000000e+00  1.44000000e+00  1.80000000e+00 
 1.45000000e+00  1.45000004e+00  1.80000000e+00  1.45000000e+00  1.80000000e+00 
 1.46000000e+00  1.46000003e+00  1.80000000e+00  1.46000000e+00  1.80000000e+00 
 1.47000000e+00  1.47000003e+00  1.80000000e+00  1.47000000e+00  1.80000000e+00 
 1.48000000e+00  1.48000003e+00  1.80000000e+00  1.48000000e+00  1.80000000e+00 
 1.49000000e+00  1.49000003e+00  1.80000000e+00  1.49000000e+00  1.80000000e+00 
 1.50000000e+00  1.50000003e+00  1.80000000e+00  1.50000000e+00  1.80000000e+00 
 1.51000000e+00  1.51000002e+00  1.80000000e+00  1.51000000e+00  1.80000000e+00 
 1.52000000e+00  1.52000002e+00  1.80000000e+00  1.52000000e+00  1.80000000e+00 
 1.53000000e+00  1.53000002e+00  1.80000000e+00  1.53000000e+00  1.80000000e+00 
 1.54000000e+00  1.54000002e+00  1.80000000e+00  1.54000000e+00  1.80000000e+00 
 1.55000000e+00  1.55000002e+00  1.80000000e+00  1.55000000e+00  1.80000000e+00 
 1.56000000e+00  1.56000002e+00  1.80000000e+00  1.56000000e+00  1.80000000e+00 
 1.57000000e+00  1.57000002e+00  1.80000000e+00  1.57000000e+00  1.80000000e+00 
 1.58000000e+00  1.58000001e+00  1.80000000e+00  1.58000000e+00  1.80000000e+00 
 1.59000000e+00  1.59000001e+00  1.80000000e+00  1.59000000e+00  1.80000000e+00 
 1.60000000e+00  1.60000001e+00  1.80000000e+00  1.60000000e+00  1.80000000e+00 
 1.61000000e+00  1.61000001e+00  1.80000000e+00  1.61000000e+00  1.80000000e+00 
 1.62000000e+00  1.62000001e+00  1.80000000e+00  1.62000000e+00  1.80000000e+00 
 1.63000000e+00  1.63000001e+00  1.80000000e+00  1.63000000e+00  1.80000000e+00 
 1.64000000e+00  1.64000001e+00  1.80000000e+00  1.64000000e+00  1.80000000e+00 
 1.65000000e+00  1.65000001e+00  1.80000000e+00  1.65000000e+00  1.80000000e+00 
 1.66000000e+00  1.66000001e+00  1.80000000e+00  1.66000000e+00  1.80000000e+00 
 1.67000000e+00  1.67000001e+00  1.80000000e+00  1.67000000e+00  1.80000000e+00 
 1.68000000e+00  1.68000001e+00  1.80000000e+00  1.68000000e+00  1.80000000e+00 
 1.69000000e+00  1.69000000e+00  1.80000000e+00  1.69000000e+00  1.80000000e+00 
 1.70000000e+00  1.70000000e+00  1.80000000e+00  1.70000000e+00  1.80000000e+00 
 1.71000000e+00  1.71000000e+00  1.80000000e+00  1.71000000e+00  1.80000000e+00 
 1.72000000e+00  1.72000000e+00  1.80000000e+00  1.72000000e+00  1.80000000e+00 
 1.73000000e+00  1.73000000e+00  1.80000000e+00  1.73000000e+00  1.80000000e+00 
 1.74000000e+00  1.74000000e+00  1.80000000e+00  1.74000000e+00  1.80000000e+00 
 1.75000000e+00  1.75000000e+00  1.80000000e+00  1.75000000e+00  1.80000000e+00 
 1.76000000e+00  1.76000000e+00  1.80000000e+00  1.76000000e+00  1.80000000e+00 
 1.77000000e+00  1.77000000e+00  1.80000000e+00  1.77000000e+00  1.80000000e+00 
 1.78000000e+00  1.78000000e+00  1.80000000e+00  1.78000000e+00  1.80000000e+00 
 1.79000000e+00  1.78999999e+00  1.80000000e+00  1.79000000e+00  1.80000000e+00 
 1.80000000e+00  1.79999999e+00  1.80000000e+00  1.80000000e+00  1.80000000e+00 
